0.018663
0.018928
0.020154
0.022138
0.024515
0.023001
0.028145
0.035650
0.036458
0.031790
0.027411
0.028652
0.030253
0.031482
0.033240
0.041835
0.044112
0.042056
0.043092
0.034906
0.033404
0.041097
0.045231
0.050564
0.052216
0.049457
0.043409
0.035837
0.032532
0.031214
0.029797
0.028374
0.026913
0.025397
0.023956
0.025280
0.027578
0.029227
0.030241
0.030622
0.030414
0.030507
0.030478
0.029788
0.028535
0.026820
0.025531
0.024332
0.023082
0.021775
0.020451
0.019125
0.017805
0.016506
0.015241
0.014020
0.012855
0.011848
0.011358
0.010872
0.010404
0.009944
0.009499
0.009071
0.008662
0.008265
0.007891
0.007530
0.007186
0.006859
0.006543
0.006236
0.005944
0.005659
0.005382
0.005114
0.004859
0.004615
0.004381
0.004158
0.003947
0.003748
0.003562
0.003388
0.003224
0.003069
0.002921
0.002780
0.002651
0.002600
0.002549
0.002499
0.002450
0.002401
0.002353
0.002304
0.002256
0.002207
0.002159
0.002111
0.002065
0.002019
0.001975
0.001931
0.001888
0.001846
0.001804
0.001762
0.001721
0.001682
0.001643
0.001605
0.001590
0.001626
0.001664
0.001706
0.001753
0.001806
0.001865
0.001929
0.001997
