0.305128
0.331782
0.355225
0.553872
0.726326
0.949612
0.852529
0.685607
0.706699
0.828058
0.919545
0.792942
0.691813
0.557933
0.736372
0.841674
0.854393
0.684585
0.715824
0.567007
0.523742
0.475857
0.503044
0.529919
0.406644
0.309361
0.315565
0.303747
0.276993
0.263555
0.247949
0.233414
0.217924
0.202853
0.189846
0.179354
0.169485
0.159298
0.165844
0.176137
0.164369
0.158585
0.157374
0.151859
0.146672
0.137736
0.132809
0.126675
0.119599
0.111459
0.107058
0.104555
0.101455
0.097017
0.091319
0.085936
0.080273
0.078539
0.076205
0.073326
0.070012
0.066630
0.063011
0.059288
0.055647
0.052719
0.051784
0.051129
0.050461
0.049482
0.048111
0.046436
0.044650
0.042916
0.041283
0.039796
0.038446
0.037176
0.035947
0.034792
0.033777
0.032921
0.032156
0.031371
0.030485
0.029500
0.028474
0.027472
0.026550
0.025732
0.025029
0.024442
0.023969
0.023590
0.023264
0.022936
0.022561
0.022831
0.023337
0.023880
0.024417
0.024924
0.025389
0.025794
0.026111
0.026296
0.026306
0.026115
0.025729
0.025195
0.024545
0.023841
0.023132
0.022449
0.021802
0.021183
0.020573
0.019953
0.019310
0.018928
0.018468
