0.173755
0.182993
0.292195
0.264847
0.522111
0.598389
0.485710
0.330677
0.248016
0.219307
0.216555
0.158745
0.217143
0.206966
0.183362
0.145989
0.112886
0.095931
0.094719
0.110289
0.114453
0.108808
0.099504
0.095268
0.109923
0.108491
0.097418
0.087358
0.082220
0.095641
0.095391
0.096701
0.112394
0.119268
0.117586
0.114872
0.114701
0.114069
0.108914
0.104745
0.098271
0.093477
0.091547
0.091826
0.093141
0.093688
0.091791
0.085982
0.077354
0.070889
0.063308
0.056786
0.052230
0.049840
0.049144
0.049152
0.048706
0.047316
0.045585
0.043921
0.042183
0.040254
0.038295
0.036366
0.034640
0.033381
0.032695
0.032556
0.032950
0.033768
0.034685
0.035454
0.035843
0.035875
0.035498
0.034586
0.033211
0.031571
0.029739
0.027807
0.025812
0.025757
0.025689
0.025481
0.025263
0.024950
0.024366
0.023465
0.022297
0.020857
0.019189
0.017402
0.016745
0.015998
0.015046
0.013970
0.012823
0.012140
0.011962
0.011580
0.011445
0.011391
0.011274
0.011132
0.010986
0.010829
0.010650
0.010438
0.010282
0.010291
0.010381
0.010617
0.010755
0.010767
0.011086
0.011602
0.012039
0.012373
0.012595
0.012693
0.012646
