0.161557
0.176398
0.247718
0.413069
0.635706
0.599770
0.409309
0.344871
0.259584
0.241106
0.280225
0.335575
0.372820
0.296548
0.178342
0.143867
0.128419
0.133127
0.147008
0.142361
0.161525
0.149608
0.164233
0.187245
0.176640
0.158112
0.151417
0.126823
0.120015
0.113287
0.115212
0.111693
0.098246
0.092672
0.085428
0.087520
0.082022
0.072851
0.068135
0.071224
0.073454
0.076641
0.077579
0.074380
0.068943
0.064738
0.063239
0.063357
0.062431
0.058773
0.055730
0.058050
0.055259
0.050967
0.046080
0.040337
0.038032
0.038162
0.039431
0.041509
0.043784
0.046433
0.048640
0.049949
0.050030
0.050415
0.050281
0.049380
0.047875
0.045785
0.043374
0.040928
0.038303
0.035699
0.033391
0.031275
0.029851
0.028941
0.027945
0.026958
0.026004
0.025155
0.024352
0.023530
0.022627
0.021628
0.020556
0.020845
0.021267
0.021821
0.022471
0.023132
0.023684
0.024022
0.024122
0.023995
0.023716
0.023304
0.022839
0.022362
0.021951
0.021603
0.021277
0.020925
0.020497
0.019971
0.019339
0.018598
0.017771
0.016888
0.015971
0.015029
0.014261
0.013760
0.013643
0.013464
0.013388
0.013759
0.014031
0.014368
0.014670
