0.267056
0.295901
1.002948
1.055256
0.522436
0.549688
0.297833
0.206153
0.166359
0.128751
0.097474
0.119364
0.128259
0.139032
0.125866
0.103816
0.071895
0.086002
0.086598
0.058456
0.050282
0.048883
0.047876
0.047129
0.045086
0.042200
0.051063
0.057159
0.056901
0.053335
0.049030
0.044064
0.044170
0.044540
0.044483
0.037979
0.034144
0.034840
0.033411
0.034725
0.033247
0.032956
0.032837
0.029642
0.028947
0.029088
0.028106
0.027960
0.027417
0.028101
0.029586
0.033621
0.038500
0.040708
0.039593
0.037263
0.033728
0.030001
0.027178
0.025343
0.024565
0.024171
0.023892
0.023034
0.022262
0.021519
0.020460
0.019181
0.017863
0.016636
0.015633
0.015129
0.015237
0.015712
0.016167
0.016346
0.016168
0.015687
0.015109
0.014730
0.014759
0.015158
0.015666
0.015981
0.015937
0.015560
0.015001
0.014362
0.013694
0.012967
0.012134
0.011191
0.011461
0.011457
0.011262
0.011045
0.010901
0.011022
0.011250
0.011461
0.011525
0.011496
0.011322
0.010986
0.010553
0.010153
0.009719
0.009305
0.009112
0.009036
0.009022
0.009057
0.009093
0.009126
0.009169
0.009178
0.009116
0.009134
0.009296
0.009476
0.009493
