5401
0.0	0.0
0.01	0.0
0.02	1.0
0.03	1.0
0.04	1.0
0.05	1.0
0.06	0.0
0.07	0.0
0.08	0.0
0.09	0.0
0.1	0.0
0.11	0.0
0.12	0.0
0.13	0.0
0.14	0.0
0.15	0.0
0.16	0.0
0.17	0.0
0.18	0.0
0.19	0.0
0.2	0.0
0.21	0.0
0.22	0.0
0.23	0.0
0.24	0.0
0.25	0.0
0.26	0.0
0.27	0.0
0.28	0.0
0.29	0.0
0.3	0.0
0.31	0.0
0.32	0.0
0.33	0.0
0.34	0.0
0.35	0.0
0.36	0.0
0.37	0.0
0.38	1.0
0.39	1.0
0.4	1.0
0.41	1.0
0.42	1.0
0.43	1.0
0.44	0.0
0.45	0.0
0.46	0.0
0.47	0.0
0.48	0.0
0.49	1.0
0.5	1.0
0.51	0.0
0.52	0.0
0.53	0.0
0.54	0.0
0.55	0.0
0.56	0.0
0.57	0.0
0.58	0.0
0.59	0.0
0.6	0.0
0.61	0.0
0.62	0.0
0.63	0.0
0.64	0.0
0.65	0.0
0.66	0.0
0.67	0.0
0.68	0.0
0.69	0.0
0.7	0.0
0.71	0.0
0.72	0.0
0.73	0.0
0.74	0.0
0.75	0.0
0.76	0.0
0.77	0.0
0.78	0.0
0.79	0.0
0.8	0.0
0.81	0.0
0.82	0.0
0.83	0.0
0.84	0.0
0.85	0.0
0.86	0.0
0.87	0.0
0.88	0.0
0.89	0.0
0.9	0.0
0.91	0.0
0.92	0.0
0.93	0.0
0.94	0.0
0.95	0.0
0.96	0.0
0.97	0.0
0.98	0.0
0.99	0.0
1.0	0.0
1.01	0.0
1.02	0.0
1.03	0.0
1.04	0.0
1.05	0.0
1.06	0.0
1.07	0.0
1.08	0.0
1.09	0.0
1.1	0.0
1.11	0.0
1.12	0.0
1.13	1.0
1.14	1.0
1.15	1.0
1.16	1.0
1.17	1.0
1.18	0.0
1.19	0.0
1.2	0.0
1.21	0.0
1.22	0.0
1.23	0.0
1.24	0.0
1.25	0.0
1.26	0.0
1.27	0.0
1.28	0.0
1.29	0.0
1.3	0.0
1.31	0.0
1.32	0.0
1.33	0.0
1.34	0.0
1.35	0.0
1.36	0.0
1.37	0.0
1.38	0.0
1.39	0.0
1.4	0.0
1.41	0.0
1.42	0.0
1.43	0.0
1.44	0.0
1.45	0.0
1.46	0.0
1.47	0.0
1.48	0.0
1.49	0.0
1.5	0.0
1.51	0.0
1.52	0.0
1.53	0.0
1.54	0.0
1.55	0.0
1.56	0.0
1.57	0.0
1.58	0.0
1.59	0.0
1.6	0.0
1.61	0.0
1.62	0.0
1.63	0.0
1.64	0.0
1.65	0.0
1.66	0.0
1.67	0.0
1.68	0.0
1.69	0.0
1.7	0.0
1.71	0.0
1.72	0.0
1.73	0.0
1.74	0.0
1.75	0.0
1.76	0.0
1.77	0.0
1.78	0.0
1.79	0.0
1.8	0.0
1.81	0.0
1.82	0.0
1.83	0.0
1.84	0.0
1.85	0.0
1.86	0.0
1.87	0.0
1.88	0.0
1.89	0.0
1.9	0.0
1.91	0.0
1.92	0.0
1.93	0.0
1.94	0.0
1.95	0.0
1.96	0.0
1.97	0.0
1.98	0.0
1.99	0.0
2.0	1.0
2.01	1.0
2.02	1.0
2.03	1.0
2.04	0.0
2.05	0.0
2.06	0.0
2.07	0.0
2.08	0.0
2.09	0.0
2.1	0.0
2.11	0.0
2.12	0.0
2.13	0.0
2.14	1.0
2.15	1.0
2.16	1.0
2.17	0.0
2.18	0.0
2.19	0.0
2.2	0.0
2.21	0.0
2.22	0.0
2.23	0.0
2.24	0.0
2.25	0.0
2.26	0.0
2.27	0.0
2.28	0.0
2.29	0.0
2.3	0.0
2.31	0.0
2.32	0.0
2.33	1.0
2.34	1.0
2.35	1.0
2.36	0.0
2.37	0.0
2.38	0.0
2.39	0.0
2.4	0.0
2.41	0.0
2.42	0.0
2.43	0.0
2.44	1.0
2.45	1.0
2.46	1.0
2.47	1.0
2.48	0.0
2.49	0.0
2.5	0.0
2.51	0.0
2.52	0.0
2.53	0.0
2.54	0.0
2.55	0.0
2.56	0.0
2.57	0.0
2.58	0.0
2.59	0.0
2.6	0.0
2.61	0.0
2.62	0.0
2.63	0.0
2.64	0.0
2.65	0.0
2.66	0.0
2.67	0.0
2.68	0.0
2.69	0.0
2.7	0.0
2.71	0.0
2.72	0.0
2.73	0.0
2.74	0.0
2.75	0.0
2.76	0.0
2.77	0.0
2.78	0.0
2.79	0.0
2.8	0.0
2.81	1.0
2.82	1.0
2.83	1.0
2.84	1.0
2.85	0.0
2.86	0.0
2.87	0.0
2.88	0.0
2.89	0.0
2.9	1.0
2.91	1.0
2.92	1.0
2.93	1.0
2.94	1.0
2.95	1.0
2.96	0.0
2.97	0.0
2.98	0.0
2.99	0.0
3.0	0.0
3.01	0.0
3.02	0.0
3.03	0.0
3.04	0.0
3.05	0.0
3.06	0.0
3.07	0.0
3.08	0.0
3.09	0.0
3.1	0.0
3.11	0.0
3.12	0.0
3.13	0.0
3.14	0.0
3.15	0.0
3.16	0.0
3.17	0.0
3.18	0.0
3.19	0.0
3.2	0.0
3.21	0.0
3.22	0.0
3.23	0.0
3.24	0.0
3.25	0.0
3.26	0.0
3.27	0.0
3.28	0.0
3.29	1.0
3.3	1.0
3.31	0.0
3.32	0.0
3.33	0.0
3.34	0.0
3.35	0.0
3.36	0.0
3.37	0.0
3.38	0.0
3.39	1.0
3.4	1.0
3.41	1.0
3.42	0.0
3.43	0.0
3.44	0.0
3.45	0.0
3.46	0.0
3.47	0.0
3.48	0.0
3.49	0.0
3.5	0.0
3.51	0.0
3.52	0.0
3.53	0.0
3.54	0.0
3.55	0.0
3.56	0.0
3.57	0.0
3.58	0.0
3.59	0.0
3.6	0.0
3.61	0.0
3.62	0.0
3.63	0.0
3.64	0.0
3.65	0.0
3.66	0.0
3.67	0.0
3.68	0.0
3.69	0.0
3.7	0.0
3.71	0.0
3.72	0.0
3.73	0.0
3.74	0.0
3.75	1.0
3.76	1.0
3.77	1.0
3.78	1.0
3.79	0.0
3.8	0.0
3.81	0.0
3.82	0.0
3.83	0.0
3.84	0.0
3.85	0.0
3.86	0.0
3.87	0.0
3.88	0.0
3.89	0.0
3.9	0.0
3.91	0.0
3.92	0.0
3.93	0.0
3.94	0.0
3.95	0.0
3.96	0.0
3.97	0.0
3.98	0.0
3.99	0.0
4.0	0.0
4.01	0.0
4.02	0.0
4.03	0.0
4.04	0.0
4.05	0.0
4.06	0.0
4.07	0.0
4.08	0.0
4.09	0.0
4.1	0.0
4.11	0.0
4.12	0.0
4.13	0.0
4.14	0.0
4.15	0.0
4.16	0.0
4.17	0.0
4.18	0.0
4.19	0.0
4.2	0.0
4.21	0.0
4.22	0.0
4.23	0.0
4.24	0.0
4.25	0.0
4.26	0.0
4.27	0.0
4.28	0.0
4.29	0.0
4.3	0.0
4.31	0.0
4.32	0.0
4.33	0.0
4.34	0.0
4.35	0.0
4.36	0.0
4.37	0.0
4.38	0.0
4.39	0.0
4.4	0.0
4.41	0.0
4.42	0.0
4.43	0.0
4.44	0.0
4.45	0.0
4.46	0.0
4.47	0.0
4.48	0.0
4.49	0.0
4.5	0.0
4.51	0.0
4.52	0.0
4.53	0.0
4.54	1.0
4.55	1.0
4.56	1.0
4.57	1.0
4.58	1.0
4.59	1.0
4.6	0.0
4.61	0.0
4.62	0.0
4.63	0.0
4.64	0.0
4.65	0.0
4.66	0.0
4.67	0.0
4.68	0.0
4.69	0.0
4.7	1.0
4.71	1.0
4.72	1.0
4.73	0.0
4.74	0.0
4.75	0.0
4.76	0.0
4.77	0.0
4.78	0.0
4.79	0.0
4.8	0.0
4.81	0.0
4.82	1.0
4.83	0.0
4.84	0.0
4.85	0.0
4.86	0.0
4.87	0.0
4.88	0.0
4.89	0.0
4.9	0.0
4.91	0.0
4.92	0.0
4.93	0.0
4.94	0.0
4.95	0.0
4.96	0.0
4.97	0.0
4.98	0.0
4.99	0.0
5.0	0.0
5.01	0.0
5.02	0.0
5.03	0.0
5.04	0.0
5.05	0.0
5.06	0.0
5.07	0.0
5.08	0.0
5.09	0.0
5.1	0.0
5.11	0.0
5.12	0.0
5.13	0.0
5.14	0.0
5.15	0.0
5.16	0.0
5.17	0.0
5.18	0.0
5.19	0.0
5.2	0.0
5.21	0.0
5.22	0.0
5.23	0.0
5.24	0.0
5.25	0.0
5.26	0.0
5.27	0.0
5.28	0.0
5.29	0.0
5.3	0.0
5.31	0.0
5.32	0.0
5.33	0.0
5.34	0.0
5.35	0.0
5.36	0.0
5.37	0.0
5.38	0.0
5.39	0.0
5.4	0.0
5.41	0.0
5.42	0.0
5.43	0.0
5.44	1.0
5.45	1.0
5.46	1.0
5.47	1.0
5.48	1.0
5.49	0.0
5.5	0.0
5.51	0.0
5.52	0.0
5.53	0.0
5.54	0.0
5.55	0.0
5.56	0.0
5.57	0.0
5.58	0.0
5.59	0.0
5.6	0.0
5.61	0.0
5.62	0.0
5.63	0.0
5.64	0.0
5.65	0.0
5.66	0.0
5.67	0.0
5.68	0.0
5.69	0.0
5.7	0.0
5.71	0.0
5.72	0.0
5.73	0.0
5.74	0.0
5.75	0.0
5.76	1.0
5.77	1.0
5.78	0.0
5.79	0.0
5.8	0.0
5.81	0.0
5.82	0.0
5.83	0.0
5.84	0.0
5.85	0.0
5.86	0.0
5.87	0.0
5.88	0.0
5.89	0.0
5.9	1.0
5.91	1.0
5.92	1.0
5.93	0.0
5.94	0.0
5.95	0.0
5.96	0.0
5.97	0.0
5.98	0.0
5.99	0.0
6.0	0.0
6.01	0.0
6.02	0.0
6.03	0.0
6.04	0.0
6.05	0.0
6.06	0.0
6.07	0.0
6.08	0.0
6.09	0.0
6.1	0.0
6.11	0.0
6.12	0.0
6.13	0.0
6.14	0.0
6.15	0.0
6.16	0.0
6.17	0.0
6.18	0.0
6.19	0.0
6.2	0.0
6.21	0.0
6.22	0.0
6.23	0.0
6.24	0.0
6.25	0.0
6.26	0.0
6.27	0.0
6.28	0.0
6.29	0.0
6.3	0.0
6.31	0.0
6.32	0.0
6.33	0.0
6.34	0.0
6.35	0.0
6.36	0.0
6.37	0.0
6.38	1.0
6.39	1.0
6.4	1.0
6.41	1.0
6.42	1.0
6.43	1.0
6.44	1.0
6.45	1.0
6.46	0.0
6.47	0.0
6.48	0.0
6.49	0.0
6.5	0.0
6.51	0.0
6.52	0.0
6.53	0.0
6.54	1.0
6.55	1.0
6.56	1.0
6.57	1.0
6.58	0.0
6.59	0.0
6.6	0.0
6.61	0.0
6.62	0.0
6.63	0.0
6.64	0.0
6.65	0.0
6.66	0.0
6.67	0.0
6.68	0.0
6.69	0.0
6.7	0.0
6.71	0.0
6.72	0.0
6.73	0.0
6.74	0.0
6.75	0.0
6.76	1.0
6.77	1.0
6.78	1.0
6.79	1.0
6.8	1.0
6.81	1.0
6.82	1.0
6.83	1.0
6.84	1.0
6.85	1.0
6.86	1.0
6.87	0.0
6.88	0.0
6.89	0.0
6.9	0.0
6.91	0.0
6.92	0.0
6.93	0.0
6.94	0.0
6.95	0.0
6.96	0.0
6.97	0.0
6.98	0.0
6.99	0.0
7.0	0.0
7.01	0.0
7.02	0.0
7.03	0.0
7.04	0.0
7.05	0.0
7.06	0.0
7.07	0.0
7.08	0.0
7.09	0.0
7.1	1.0
7.11	1.0
7.12	1.0
7.13	2.0
7.14	2.0
7.15	1.0
7.16	0.0
7.17	0.0
7.18	0.0
7.19	0.0
7.2	0.0
7.21	0.0
7.22	0.0
7.23	0.0
7.24	0.0
7.25	0.0
7.26	1.0
7.27	1.0
7.28	0.0
7.29	0.0
7.3	0.0
7.31	0.0
7.32	0.0
7.33	0.0
7.34	0.0
7.35	0.0
7.36	0.0
7.37	0.0
7.38	0.0
7.39	0.0
7.4	0.0
7.41	0.0
7.42	0.0
7.43	0.0
7.44	1.0
7.45	1.0
7.46	2.0
7.47	2.0
7.48	1.0
7.49	1.0
7.5	0.0
7.51	0.0
7.52	0.0
7.53	0.0
7.54	0.0
7.55	0.0
7.56	0.0
7.57	0.0
7.58	0.0
7.59	0.0
7.6	0.0
7.61	0.0
7.62	0.0
7.63	0.0
7.64	0.0
7.65	0.0
7.66	0.0
7.67	0.0
7.68	0.0
7.69	0.0
7.7	0.0
7.71	0.0
7.72	0.0
7.73	0.0
7.74	0.0
7.75	0.0
7.76	0.0
7.77	0.0
7.78	0.0
7.79	0.0
7.8	0.0
7.81	0.0
7.82	0.0
7.83	0.0
7.84	0.0
7.85	0.0
7.86	0.0
7.87	0.0
7.88	0.0
7.89	0.0
7.9	0.0
7.91	0.0
7.92	0.0
7.93	0.0
7.94	0.0
7.95	0.0
7.96	0.0
7.97	0.0
7.98	0.0
7.99	0.0
8.0	0.0
8.01	0.0
8.02	0.0
8.03	0.0
8.04	0.0
8.05	0.0
8.06	0.0
8.07	0.0
8.08	0.0
8.09	0.0
8.1	0.0
8.11	0.0
8.12	0.0
8.13	0.0
8.14	0.0
8.15	0.0
8.16	0.0
8.17	0.0
8.18	0.0
8.19	0.0
8.2	1.0
8.21	1.0
8.22	1.0
8.23	0.0
8.24	0.0
8.25	0.0
8.26	0.0
8.27	0.0
8.28	0.0
8.29	0.0
8.3	0.0
8.31	0.0
8.32	0.0
8.33	0.0
8.34	0.0
8.35	0.0
8.36	0.0
8.37	0.0
8.38	0.0
8.39	0.0
8.4	0.0
8.41	0.0
8.42	0.0
8.43	0.0
8.44	0.0
8.45	0.0
8.46	0.0
8.47	0.0
8.48	0.0
8.49	0.0
8.5	1.0
8.51	0.0
8.52	0.0
8.53	0.0
8.54	0.0
8.55	0.0
8.56	0.0
8.57	0.0
8.58	0.0
8.59	0.0
8.6	0.0
8.61	1.0
8.62	1.0
8.63	1.0
8.64	0.0
8.65	0.0
8.66	0.0
8.67	0.0
8.68	0.0
8.69	0.0
8.7	0.0
8.71	0.0
8.72	0.0
8.73	0.0
8.74	0.0
8.75	0.0
8.76	0.0
8.77	0.0
8.78	0.0
8.79	0.0
8.8	0.0
8.81	2.0
8.82	2.0
8.83	2.0
8.84	1.0
8.85	0.0
8.86	0.0
8.87	0.0
8.88	0.0
8.89	0.0
8.9	0.0
8.91	0.0
8.92	0.0
8.93	0.0
8.94	0.0
8.95	0.0
8.96	0.0
8.97	0.0
8.98	0.0
8.99	0.0
9.0	0.0
9.01	0.0
9.02	0.0
9.03	0.0
9.04	0.0
9.05	0.0
9.06	0.0
9.07	0.0
9.08	0.0
9.09	0.0
9.1	0.0
9.11	0.0
9.12	0.0
9.13	0.0
9.14	0.0
9.15	0.0
9.16	0.0
9.17	0.0
9.18	0.0
9.19	0.0
9.2	0.0
9.21	0.0
9.22	0.0
9.23	0.0
9.24	0.0
9.25	0.0
9.26	0.0
9.27	0.0
9.28	0.0
9.29	0.0
9.3	0.0
9.31	0.0
9.32	0.0
9.33	0.0
9.34	0.0
9.35	0.0
9.36	0.0
9.37	0.0
9.38	0.0
9.39	0.0
9.4	0.0
9.41	0.0
9.42	0.0
9.43	0.0
9.44	0.0
9.45	0.0
9.46	0.0
9.47	0.0
9.48	0.0
9.49	0.0
9.5	0.0
9.51	0.0
9.52	0.0
9.53	0.0
9.54	0.0
9.55	0.0
9.56	0.0
9.57	0.0
9.58	0.0
9.59	0.0
9.6	0.0
9.61	0.0
9.62	0.0
9.63	0.0
9.64	0.0
9.65	0.0
9.66	0.0
9.67	0.0
9.68	0.0
9.69	0.0
9.7	0.0
9.71	0.0
9.72	0.0
9.73	0.0
9.74	0.0
9.75	0.0
9.76	0.0
9.77	0.0
9.78	0.0
9.79	0.0
9.8	0.0
9.81	0.0
9.82	0.0
9.83	0.0
9.84	0.0
9.85	0.0
9.86	0.0
9.87	0.0
9.88	0.0
9.89	0.0
9.9	0.0
9.91	0.0
9.92	1.0
9.93	1.0
9.94	2.0
9.95	1.0
9.96	1.0
9.97	1.0
9.98	0.0
9.99	0.0
10.0	0.0
10.01	0.0
10.02	0.0
10.03	0.0
10.04	0.0
10.05	0.0
10.06	0.0
10.07	1.0
10.08	1.0
10.09	1.0
10.1	1.0
10.11	0.0
10.12	0.0
10.13	0.0
10.14	0.0
10.15	0.0
10.16	0.0
10.17	0.0
10.18	0.0
10.19	0.0
10.2	0.0
10.21	0.0
10.22	0.0
10.23	0.0
10.24	0.0
10.25	0.0
10.26	0.0
10.27	0.0
10.28	0.0
10.29	0.0
10.3	0.0
10.31	0.0
10.32	0.0
10.33	0.0
10.34	0.0
10.35	0.0
10.36	0.0
10.37	0.0
10.38	0.0
10.39	0.0
10.4	0.0
10.41	0.0
10.42	0.0
10.43	1.0
10.44	1.0
10.45	1.0
10.46	1.0
10.47	1.0
10.48	1.0
10.49	0.0
10.5	0.0
10.51	0.0
10.52	0.0
10.53	0.0
10.54	0.0
10.55	0.0
10.56	0.0
10.57	0.0
10.58	0.0
10.59	0.0
10.6	0.0
10.61	0.0
10.62	0.0
10.63	0.0
10.64	0.0
10.65	0.0
10.66	0.0
10.67	0.0
10.68	0.0
10.69	0.0
10.7	0.0
10.71	0.0
10.72	1.0
10.73	0.0
10.74	0.0
10.75	0.0
10.76	0.0
10.77	0.0
10.78	0.0
10.79	0.0
10.8	0.0
10.81	0.0
10.82	0.0
10.83	0.0
10.84	0.0
10.85	0.0
10.86	0.0
10.87	0.0
10.88	0.0
10.89	0.0
10.9	0.0
10.91	1.0
10.92	1.0
10.93	1.0
10.94	1.0
10.95	1.0
10.96	1.0
10.97	0.0
10.98	0.0
10.99	0.0
11.0	0.0
11.01	0.0
11.02	0.0
11.03	0.0
11.04	0.0
11.05	0.0
11.06	0.0
11.07	0.0
11.08	1.0
11.09	1.0
11.1	1.0
11.11	0.0
11.12	0.0
11.13	0.0
11.14	0.0
11.15	0.0
11.16	0.0
11.17	0.0
11.18	0.0
11.19	0.0
11.2	0.0
11.21	0.0
11.22	0.0
11.23	0.0
11.24	0.0
11.25	0.0
11.26	0.0
11.27	0.0
11.28	0.0
11.29	0.0
11.3	0.0
11.31	0.0
11.32	0.0
11.33	0.0
11.34	0.0
11.35	0.0
11.36	0.0
11.37	0.0
11.38	0.0
11.39	0.0
11.4	0.0
11.41	0.0
11.42	1.0
11.43	1.0
11.44	1.0
11.45	1.0
11.46	0.0
11.47	0.0
11.48	0.0
11.49	0.0
11.5	0.0
11.51	0.0
11.52	0.0
11.53	0.0
11.54	0.0
11.55	0.0
11.56	0.0
11.57	0.0
11.58	0.0
11.59	0.0
11.6	1.0
11.61	1.0
11.62	0.0
11.63	0.0
11.64	0.0
11.65	0.0
11.66	0.0
11.67	0.0
11.68	0.0
11.69	0.0
11.7	0.0
11.71	0.0
11.72	0.0
11.73	0.0
11.74	0.0
11.75	0.0
11.76	0.0
11.77	0.0
11.78	0.0
11.79	0.0
11.8	0.0
11.81	0.0
11.82	0.0
11.83	0.0
11.84	0.0
11.85	0.0
11.86	0.0
11.87	0.0
11.88	0.0
11.89	0.0
11.9	0.0
11.91	0.0
11.92	0.0
11.93	0.0
11.94	0.0
11.95	0.0
11.96	0.0
11.97	0.0
11.98	0.0
11.99	0.0
12.0	0.0
12.01	0.0
12.02	0.0
12.03	0.0
12.04	0.0
12.05	0.0
12.06	0.0
12.07	0.0
12.08	0.0
12.09	0.0
12.1	0.0
12.11	0.0
12.12	0.0
12.13	0.0
12.14	0.0
12.15	0.0
12.16	0.0
12.17	0.0
12.18	0.0
12.19	0.0
12.2	0.0
12.21	0.0
12.22	0.0
12.23	0.0
12.24	0.0
12.25	0.0
12.26	0.0
12.27	0.0
12.28	0.0
12.29	0.0
12.3	0.0
12.31	0.0
12.32	0.0
12.33	0.0
12.34	0.0
12.35	0.0
12.36	0.0
12.37	0.0
12.38	0.0
12.39	0.0
12.4	0.0
12.41	0.0
12.42	0.0
12.43	0.0
12.44	0.0
12.45	0.0
12.46	0.0
12.47	0.0
12.48	0.0
12.49	0.0
12.5	0.0
12.51	0.0
12.52	0.0
12.53	0.0
12.54	0.0
12.55	0.0
12.56	0.0
12.57	0.0
12.58	0.0
12.59	0.0
12.6	0.0
12.61	0.0
12.62	0.0
12.63	0.0
12.64	0.0
12.65	0.0
12.66	0.0
12.67	0.0
12.68	0.0
12.69	0.0
12.7	0.0
12.71	0.0
12.72	0.0
12.73	0.0
12.74	0.0
12.75	0.0
12.76	0.0
12.77	0.0
12.78	0.0
12.79	0.0
12.8	0.0
12.81	0.0
12.82	0.0
12.83	0.0
12.84	0.0
12.85	0.0
12.86	0.0
12.87	0.0
12.88	0.0
12.89	0.0
12.9	0.0
12.91	0.0
12.92	0.0
12.93	0.0
12.94	0.0
12.95	0.0
12.96	0.0
12.97	0.0
12.98	0.0
12.99	0.0
13.0	0.0
13.01	0.0
13.02	0.0
13.03	0.0
13.04	0.0
13.05	0.0
13.06	0.0
13.07	0.0
13.08	0.0
13.09	0.0
13.1	0.0
13.11	0.0
13.12	0.0
13.13	0.0
13.14	0.0
13.15	1.0
13.16	1.0
13.17	1.0
13.18	1.0
13.19	0.0
13.2	0.0
13.21	0.0
13.22	0.0
13.23	0.0
13.24	0.0
13.25	0.0
13.26	0.0
13.27	0.0
13.28	0.0
13.29	1.0
13.3	1.0
13.31	1.0
13.32	0.0
13.33	0.0
13.34	0.0
13.35	0.0
13.36	0.0
13.37	0.0
13.38	0.0
13.39	0.0
13.4	0.0
13.41	0.0
13.42	0.0
13.43	0.0
13.44	0.0
13.45	0.0
13.46	0.0
13.47	0.0
13.48	0.0
13.49	0.0
13.5	0.0
13.51	0.0
13.52	0.0
13.53	0.0
13.54	0.0
13.55	0.0
13.56	0.0
13.57	0.0
13.58	0.0
13.59	0.0
13.6	0.0
13.61	0.0
13.62	0.0
13.63	0.0
13.64	0.0
13.65	0.0
13.66	0.0
13.67	1.0
13.68	1.0
13.69	1.0
13.7	1.0
13.71	0.0
13.72	0.0
13.73	0.0
13.74	0.0
13.75	0.0
13.76	0.0
13.77	0.0
13.78	0.0
13.79	0.0
13.8	0.0
13.81	0.0
13.82	0.0
13.83	0.0
13.84	0.0
13.85	0.0
13.86	0.0
13.87	0.0
13.88	0.0
13.89	0.0
13.9	0.0
13.91	0.0
13.92	0.0
13.93	0.0
13.94	0.0
13.95	0.0
13.96	0.0
13.97	0.0
13.98	0.0
13.99	0.0
14.0	0.0
14.01	0.0
14.02	0.0
14.03	0.0
14.04	0.0
14.05	0.0
14.06	0.0
14.07	0.0
14.08	0.0
14.09	0.0
14.1	0.0
14.11	1.0
14.12	1.0
14.13	0.0
14.14	0.0
14.15	0.0
14.16	0.0
14.17	0.0
14.18	0.0
14.19	0.0
14.2	0.0
14.21	0.0
14.22	0.0
14.23	0.0
14.24	0.0
14.25	0.0
14.26	0.0
14.27	0.0
14.28	0.0
14.29	0.0
14.3	0.0
14.31	1.0
14.32	1.0
14.33	0.0
14.34	0.0
14.35	0.0
14.36	0.0
14.37	0.0
14.38	0.0
14.39	0.0
14.4	0.0
14.41	1.0
14.42	1.0
14.43	0.0
14.44	0.0
14.45	0.0
14.46	0.0
14.47	0.0
14.48	0.0
14.49	0.0
14.5	0.0
14.51	0.0
14.52	0.0
14.53	0.0
14.54	0.0
14.55	0.0
14.56	0.0
14.57	0.0
14.58	0.0
14.59	0.0
14.6	0.0
14.61	0.0
14.62	0.0
14.63	0.0
14.64	0.0
14.65	0.0
14.66	0.0
14.67	0.0
14.68	0.0
14.69	0.0
14.7	0.0
14.71	0.0
14.72	0.0
14.73	0.0
14.74	0.0
14.75	0.0
14.76	0.0
14.77	0.0
14.78	0.0
14.79	0.0
14.8	0.0
14.81	0.0
14.82	0.0
14.83	0.0
14.84	0.0
14.85	0.0
14.86	0.0
14.87	0.0
14.88	0.0
14.89	0.0
14.9	0.0
14.91	0.0
14.92	0.0
14.93	0.0
14.94	0.0
14.95	0.0
14.96	0.0
14.97	0.0
14.98	0.0
14.99	0.0
15.0	0.0
15.01	0.0
15.02	0.0
15.03	0.0
15.04	0.0
15.05	1.0
15.06	1.0
15.07	1.0
15.08	0.0
15.09	0.0
15.1	0.0
15.11	0.0
15.12	0.0
15.13	0.0
15.14	0.0
15.15	0.0
15.16	0.0
15.17	0.0
15.18	0.0
15.19	0.0
15.2	0.0
15.21	0.0
15.22	0.0
15.23	0.0
15.24	1.0
15.25	1.0
15.26	1.0
15.27	0.0
15.28	0.0
15.29	0.0
15.3	0.0
15.31	0.0
15.32	0.0
15.33	0.0
15.34	0.0
15.35	0.0
15.36	0.0
15.37	0.0
15.38	1.0
15.39	1.0
15.4	0.0
15.41	0.0
15.42	0.0
15.43	0.0
15.44	0.0
15.45	0.0
15.46	0.0
15.47	0.0
15.48	0.0
15.49	0.0
15.5	0.0
15.51	0.0
15.52	0.0
15.53	0.0
15.54	0.0
15.55	0.0
15.56	0.0
15.57	0.0
15.58	0.0
15.59	0.0
15.6	0.0
15.61	0.0
15.62	0.0
15.63	0.0
15.64	0.0
15.65	0.0
15.66	0.0
15.67	0.0
15.68	0.0
15.69	0.0
15.7	0.0
15.71	0.0
15.72	0.0
15.73	0.0
15.74	0.0
15.75	0.0
15.76	0.0
15.77	0.0
15.78	0.0
15.79	0.0
15.8	0.0
15.81	0.0
15.82	0.0
15.83	0.0
15.84	0.0
15.85	0.0
15.86	0.0
15.87	0.0
15.88	0.0
15.89	0.0
15.9	0.0
15.91	0.0
15.92	0.0
15.93	0.0
15.94	0.0
15.95	0.0
15.96	0.0
15.97	0.0
15.98	0.0
15.99	0.0
16.0	0.0
16.01	0.0
16.02	0.0
16.03	0.0
16.04	0.0
16.05	0.0
16.06	0.0
16.07	0.0
16.08	0.0
16.09	0.0
16.1	1.0
16.11	1.0
16.12	0.0
16.13	0.0
16.14	0.0
16.15	0.0
16.16	0.0
16.17	0.0
16.18	0.0
16.19	0.0
16.2	0.0
16.21	0.0
16.22	0.0
16.23	0.0
16.24	0.0
16.25	0.0
16.26	0.0
16.27	0.0
16.28	0.0
16.29	0.0
16.3	0.0
16.31	0.0
16.32	0.0
16.33	0.0
16.34	0.0
16.35	0.0
16.36	0.0
16.37	0.0
16.38	0.0
16.39	0.0
16.4	0.0
16.41	0.0
16.42	0.0
16.43	0.0
16.44	0.0
16.45	0.0
16.46	0.0
16.47	0.0
16.48	1.0
16.49	1.0
16.5	1.0
16.51	1.0
16.52	0.0
16.53	0.0
16.54	0.0
16.55	0.0
16.56	0.0
16.57	0.0
16.58	0.0
16.59	0.0
16.6	0.0
16.61	0.0
16.62	0.0
16.63	0.0
16.64	0.0
16.65	0.0
16.66	0.0
16.67	0.0
16.68	0.0
16.69	0.0
16.7	0.0
16.71	0.0
16.72	0.0
16.73	0.0
16.74	0.0
16.75	0.0
16.76	1.0
16.77	1.0
16.78	1.0
16.79	1.0
16.8	0.0
16.81	0.0
16.82	0.0
16.83	0.0
16.84	0.0
16.85	0.0
16.86	0.0
16.87	0.0
16.88	0.0
16.89	0.0
16.9	0.0
16.91	0.0
16.92	0.0
16.93	0.0
16.94	0.0
16.95	0.0
16.96	0.0
16.97	0.0
16.98	0.0
16.99	0.0
17.0	0.0
17.01	1.0
17.02	1.0
17.03	1.0
17.04	0.0
17.05	0.0
17.06	0.0
17.07	0.0
17.08	0.0
17.09	0.0
17.1	0.0
17.11	0.0
17.12	0.0
17.13	0.0
17.14	0.0
17.15	0.0
17.16	0.0
17.17	0.0
17.18	0.0
17.19	0.0
17.2	0.0
17.21	0.0
17.22	0.0
17.23	0.0
17.24	0.0
17.25	0.0
17.26	0.0
17.27	0.0
17.28	0.0
17.29	0.0
17.3	0.0
17.31	0.0
17.32	0.0
17.33	0.0
17.34	0.0
17.35	1.0
17.36	1.0
17.37	0.0
17.38	0.0
17.39	0.0
17.4	0.0
17.41	0.0
17.42	0.0
17.43	0.0
17.44	0.0
17.45	0.0
17.46	0.0
17.47	0.0
17.48	0.0
17.49	0.0
17.5	0.0
17.51	0.0
17.52	0.0
17.53	0.0
17.54	0.0
17.55	0.0
17.56	0.0
17.57	0.0
17.58	0.0
17.59	0.0
17.6	0.0
17.61	0.0
17.62	0.0
17.63	0.0
17.64	0.0
17.65	1.0
17.66	1.0
17.67	1.0
17.68	1.0
17.69	1.0
17.7	1.0
17.71	1.0
17.72	2.0
17.73	2.0
17.74	2.0
17.75	1.0
17.76	1.0
17.77	0.0
17.78	0.0
17.79	0.0
17.8	0.0
17.81	0.0
17.82	0.0
17.83	0.0
17.84	0.0
17.85	0.0
17.86	0.0
17.87	0.0
17.88	0.0
17.89	0.0
17.9	0.0
17.91	0.0
17.92	0.0
17.93	0.0
17.94	0.0
17.95	0.0
17.96	0.0
17.97	0.0
17.98	0.0
17.99	0.0
18.0	0.0
18.01	0.0
18.02	0.0
18.03	0.0
18.04	0.0
18.05	0.0
18.06	0.0
18.07	0.0
18.08	1.0
18.09	1.0
18.1	0.0
18.11	0.0
18.12	0.0
18.13	0.0
18.14	0.0
18.15	0.0
18.16	0.0
18.17	0.0
18.18	0.0
18.19	0.0
18.2	0.0
18.21	0.0
18.22	0.0
18.23	0.0
18.24	0.0
18.25	0.0
18.26	0.0
18.27	0.0
18.28	0.0
18.29	0.0
18.3	0.0
18.31	0.0
18.32	0.0
18.33	0.0
18.34	0.0
18.35	1.0
18.36	1.0
18.37	1.0
18.38	0.0
18.39	0.0
18.4	0.0
18.41	0.0
18.42	0.0
18.43	0.0
18.44	0.0
18.45	0.0
18.46	0.0
18.47	0.0
18.48	0.0
18.49	0.0
18.5	0.0
18.51	0.0
18.52	0.0
18.53	0.0
18.54	0.0
18.55	0.0
18.56	0.0
18.57	0.0
18.58	0.0
18.59	0.0
18.6	0.0
18.61	-1.0
18.62	-1.0
18.63	-1.0
18.64	0.0
18.65	0.0
18.66	0.0
18.67	0.0
18.68	0.0
18.69	0.0
18.7	0.0
18.71	0.0
18.72	0.0
18.73	0.0
18.74	0.0
18.75	0.0
18.76	0.0
18.77	0.0
18.78	0.0
18.79	0.0
18.8	0.0
18.81	0.0
18.82	0.0
18.83	0.0
18.84	0.0
18.85	0.0
18.86	0.0
18.87	0.0
18.88	0.0
18.89	0.0
18.9	0.0
18.91	0.0
18.92	0.0
18.93	0.0
18.94	0.0
18.95	0.0
18.96	0.0
18.97	0.0
18.98	0.0
18.99	0.0
19.0	0.0
19.01	0.0
19.02	0.0
19.03	0.0
19.04	0.0
19.05	1.0
19.06	1.0
19.07	1.0
19.08	1.0
19.09	0.0
19.1	0.0
19.11	0.0
19.12	0.0
19.13	0.0
19.14	0.0
19.15	0.0
19.16	0.0
19.17	0.0
19.18	0.0
19.19	1.0
19.2	1.0
19.21	1.0
19.22	1.0
19.23	0.0
19.24	0.0
19.25	0.0
19.26	0.0
19.27	0.0
19.28	0.0
19.29	0.0
19.3	0.0
19.31	0.0
19.32	0.0
19.33	0.0
19.34	0.0
19.35	0.0
19.36	0.0
19.37	0.0
19.38	0.0
19.39	0.0
19.4	0.0
19.41	0.0
19.42	0.0
19.43	0.0
19.44	0.0
19.45	0.0
19.46	0.0
19.47	0.0
19.48	0.0
19.49	0.0
19.5	0.0
19.51	0.0
19.52	0.0
19.53	0.0
19.54	0.0
19.55	0.0
19.56	0.0
19.57	0.0
19.58	0.0
19.59	0.0
19.6	0.0
19.61	0.0
19.62	0.0
19.63	0.0
19.64	0.0
19.65	0.0
19.66	0.0
19.67	0.0
19.68	0.0
19.69	0.0
19.7	0.0
19.71	0.0
19.72	0.0
19.73	0.0
19.74	0.0
19.75	0.0
19.76	0.0
19.77	0.0
19.78	0.0
19.79	0.0
19.8	0.0
19.81	0.0
19.82	0.0
19.83	0.0
19.84	0.0
19.85	0.0
19.86	0.0
19.87	0.0
19.88	0.0
19.89	0.0
19.9	0.0
19.91	0.0
19.92	1.0
19.93	1.0
19.94	0.0
19.95	0.0
19.96	0.0
19.97	0.0
19.98	0.0
19.99	0.0
20.0	0.0
20.01	0.0
20.02	0.0
20.03	0.0
20.04	0.0
20.05	-1.0
20.06	-1.0
20.07	0.0
20.08	0.0
20.09	0.0
20.1	1.0
20.11	1.0
20.12	1.0
20.13	1.0
20.14	0.0
20.15	0.0
20.16	0.0
20.17	0.0
20.18	0.0
20.19	0.0
20.2	0.0
20.21	0.0
20.22	0.0
20.23	0.0
20.24	0.0
20.25	1.0
20.26	1.0
20.27	0.0
20.28	0.0
20.29	0.0
20.3	0.0
20.31	0.0
20.32	0.0
20.33	0.0
20.34	0.0
20.35	0.0
20.36	0.0
20.37	0.0
20.38	0.0
20.39	0.0
20.4	0.0
20.41	0.0
20.42	0.0
20.43	0.0
20.44	0.0
20.45	0.0
20.46	0.0
20.47	0.0
20.48	0.0
20.49	0.0
20.5	0.0
20.51	0.0
20.52	0.0
20.53	0.0
20.54	0.0
20.55	0.0
20.56	0.0
20.57	0.0
20.58	0.0
20.59	0.0
20.6	0.0
20.61	0.0
20.62	0.0
20.63	0.0
20.64	0.0
20.65	0.0
20.66	1.0
20.67	1.0
20.68	1.0
20.69	1.0
20.7	0.0
20.71	0.0
20.72	0.0
20.73	0.0
20.74	0.0
20.75	0.0
20.76	0.0
20.77	0.0
20.78	0.0
20.79	0.0
20.8	0.0
20.81	0.0
20.82	0.0
20.83	0.0
20.84	0.0
20.85	0.0
20.86	0.0
20.87	0.0
20.88	0.0
20.89	0.0
20.9	0.0
20.91	1.0
20.92	1.0
20.93	1.0
20.94	1.0
20.95	0.0
20.96	0.0
20.97	0.0
20.98	0.0
20.99	0.0
21.0	0.0
21.01	0.0
21.02	0.0
21.03	0.0
21.04	0.0
21.05	0.0
21.06	0.0
21.07	0.0
21.08	0.0
21.09	0.0
21.1	0.0
21.11	0.0
21.12	0.0
21.13	0.0
21.14	0.0
21.15	0.0
21.16	0.0
21.17	0.0
21.18	0.0
21.19	0.0
21.2	0.0
21.21	0.0
21.22	0.0
21.23	0.0
21.24	0.0
21.25	0.0
21.26	0.0
21.27	1.0
21.28	1.0
21.29	1.0
21.3	1.0
21.31	0.0
21.32	0.0
21.33	0.0
21.34	0.0
21.35	0.0
21.36	0.0
21.37	0.0
21.38	0.0
21.39	0.0
21.4	0.0
21.41	0.0
21.42	0.0
21.43	0.0
21.44	0.0
21.45	0.0
21.46	0.0
21.47	0.0
21.48	0.0
21.49	0.0
21.5	0.0
21.51	0.0
21.52	0.0
21.53	0.0
21.54	0.0
21.55	0.0
21.56	0.0
21.57	0.0
21.58	0.0
21.59	0.0
21.6	0.0
21.61	0.0
21.62	0.0
21.63	0.0
21.64	0.0
21.65	0.0
21.66	0.0
21.67	0.0
21.68	0.0
21.69	0.0
21.7	0.0
21.71	0.0
21.72	0.0
21.73	1.0
21.74	1.0
21.75	1.0
21.76	0.0
21.77	0.0
21.78	0.0
21.79	0.0
21.8	0.0
21.81	0.0
21.82	0.0
21.83	0.0
21.84	1.0
21.85	0.0
21.86	0.0
21.87	0.0
21.88	0.0
21.89	0.0
21.9	0.0
21.91	0.0
21.92	0.0
21.93	0.0
21.94	0.0
21.95	0.0
21.96	0.0
21.97	0.0
21.98	0.0
21.99	0.0
22.0	0.0
22.01	0.0
22.02	0.0
22.03	0.0
22.04	0.0
22.05	0.0
22.06	0.0
22.07	0.0
22.08	0.0
22.09	0.0
22.1	0.0
22.11	0.0
22.12	0.0
22.13	0.0
22.14	0.0
22.15	1.0
22.16	1.0
22.17	1.0
22.18	1.0
22.19	0.0
22.2	0.0
22.21	0.0
22.22	0.0
22.23	0.0
22.24	0.0
22.25	0.0
22.26	0.0
22.27	0.0
22.28	1.0
22.29	1.0
22.3	1.0
22.31	1.0
22.32	0.0
22.33	0.0
22.34	0.0
22.35	0.0
22.36	0.0
22.37	0.0
22.38	0.0
22.39	0.0
22.4	0.0
22.41	0.0
22.42	0.0
22.43	0.0
22.44	0.0
22.45	0.0
22.46	0.0
22.47	0.0
22.48	0.0
22.49	0.0
22.5	0.0
22.51	0.0
22.52	0.0
22.53	0.0
22.54	0.0
22.55	0.0
22.56	0.0
22.57	0.0
22.58	0.0
22.59	0.0
22.6	0.0
22.61	0.0
22.62	0.0
22.63	1.0
22.64	1.0
22.65	0.0
22.66	0.0
22.67	0.0
22.68	0.0
22.69	0.0
22.7	0.0
22.71	0.0
22.72	0.0
22.73	0.0
22.74	0.0
22.75	0.0
22.76	0.0
22.77	0.0
22.78	0.0
22.79	0.0
22.8	0.0
22.81	0.0
22.82	0.0
22.83	0.0
22.84	0.0
22.85	0.0
22.86	0.0
22.87	1.0
22.88	1.0
22.89	0.0
22.9	0.0
22.91	0.0
22.92	0.0
22.93	0.0
22.94	0.0
22.95	0.0
22.96	0.0
22.97	0.0
22.98	1.0
22.99	0.0
23.0	0.0
23.01	0.0
23.02	0.0
23.03	0.0
23.04	0.0
23.05	0.0
23.06	0.0
23.07	0.0
23.08	0.0
23.09	0.0
23.1	0.0
23.11	0.0
23.12	0.0
23.13	0.0
23.14	0.0
23.15	0.0
23.16	0.0
23.17	1.0
23.18	1.0
23.19	1.0
23.2	1.0
23.21	0.0
23.22	0.0
23.23	0.0
23.24	0.0
23.25	0.0
23.26	1.0
23.27	1.0
23.28	1.0
23.29	1.0
23.3	0.0
23.31	0.0
23.32	0.0
23.33	0.0
23.34	0.0
23.35	0.0
23.36	0.0
23.37	0.0
23.38	0.0
23.39	-1.0
23.4	0.0
23.41	0.0
23.42	0.0
23.43	0.0
23.44	0.0
23.45	0.0
23.46	0.0
23.47	1.0
23.48	1.0
23.49	1.0
23.5	1.0
23.51	0.0
23.52	0.0
23.53	0.0
23.54	0.0
23.55	0.0
23.56	0.0
23.57	0.0
23.58	0.0
23.59	0.0
23.6	0.0
23.61	0.0
23.62	0.0
23.63	0.0
23.64	1.0
23.65	1.0
23.66	1.0
23.67	1.0
23.68	0.0
23.69	0.0
23.7	0.0
23.71	1.0
23.72	1.0
23.73	2.0
23.74	2.0
23.75	3.0
23.76	3.0
23.77	3.0
23.78	2.0
23.79	0.0
23.8	0.0
23.81	0.0
23.82	0.0
23.83	0.0
23.84	0.0
23.85	0.0
23.86	0.0
23.87	0.0
23.88	0.0
23.89	0.0
23.9	0.0
23.91	0.0
23.92	0.0
23.93	0.0
23.94	0.0
23.95	0.0
23.96	0.0
23.97	0.0
23.98	0.0
23.99	0.0
24.0	0.0
24.01	-2.0
24.02	-3.0
24.03	-3.0
24.04	-2.0
24.05	0.0
24.06	0.0
24.07	1.0
24.08	3.0
24.09	3.0
24.1	2.0
24.11	0.0
24.12	0.0
24.13	0.0
24.14	0.0
24.15	0.0
24.16	0.0
24.17	0.0
24.18	0.0
24.19	0.0
24.2	0.0
24.21	0.0
24.22	0.0
24.23	0.0
24.24	0.0
24.25	0.0
24.26	0.0
24.27	0.0
24.28	0.0
24.29	0.0
24.3	0.0
24.31	0.0
24.32	1.0
24.33	1.0
24.34	2.0
24.35	3.0
24.36	3.0
24.37	2.0
24.38	1.0
24.39	0.0
24.4	0.0
24.41	-3.0
24.42	-3.0
24.43	-2.0
24.44	0.0
24.45	2.0
24.46	5.0
24.47	5.0
24.48	4.0
24.49	2.0
24.5	0.0
24.51	-1.0
24.52	-2.0
24.53	-2.0
24.54	0.0
24.55	0.0
24.56	3.0
24.57	5.0
24.58	5.0
24.59	5.0
24.6	3.0
24.61	1.0
24.62	0.0
24.63	0.0
24.64	0.0
24.65	0.0
24.66	-1.0
24.67	0.0
24.68	0.0
24.69	0.0
24.7	0.0
24.71	0.0
24.72	0.0
24.73	0.0
24.74	0.0
24.75	0.0
24.76	1.0
24.77	0.0
24.78	0.0
24.79	0.0
24.8	0.0
24.81	0.0
24.82	0.0
24.83	-1.0
24.84	0.0
24.85	0.0
24.86	0.0
24.87	0.0
24.88	0.0
24.89	0.0
24.9	0.0
24.91	-1.0
24.92	-1.0
24.93	0.0
24.94	0.0
24.95	1.0
24.96	1.0
24.97	1.0
24.98	1.0
24.99	0.0
25.0	0.0
25.01	0.0
25.02	0.0
25.03	0.0
25.04	0.0
25.05	1.0
25.06	1.0
25.07	1.0
25.08	0.0
25.09	0.0
25.1	-1.0
25.11	-3.0
25.12	-3.0
25.13	-1.0
25.14	0.0
25.15	3.0
25.16	5.0
25.17	5.0
25.18	3.0
25.19	0.0
25.2	0.0
25.21	-1.0
25.22	-2.0
25.23	0.0
25.24	0.0
25.25	0.0
25.26	2.0
25.27	3.0
25.28	3.0
25.29	3.0
25.3	3.0
25.31	3.0
25.32	4.0
25.33	3.0
25.34	1.0
25.35	0.0
25.36	-1.0
25.37	-2.0
25.38	-2.0
25.39	-1.0
25.4	0.0
25.41	0.0
25.42	1.0
25.43	1.0
25.44	1.0
25.45	1.0
25.46	0.0
25.47	0.0
25.48	0.0
25.49	0.0
25.5	0.0
25.51	0.0
25.52	0.0
25.53	1.0
25.54	2.0
25.55	3.0
25.56	4.0
25.57	3.0
25.58	2.0
25.59	0.0
25.6	0.0
25.61	-2.0
25.62	-2.0
25.63	-2.0
25.64	-1.0
25.65	-1.0
25.66	0.0
25.67	0.0
25.68	0.0
25.69	0.0
25.7	2.0
25.71	5.0
25.72	7.0
25.73	8.0
25.74	7.0
25.75	5.0
25.76	1.0
25.77	0.0
25.78	-2.0
25.79	-3.0
25.8	-3.0
25.81	-1.0
25.82	0.0
25.83	1.0
25.84	3.0
25.85	3.0
25.86	3.0
25.87	3.0
25.88	2.0
25.89	1.0
25.9	1.0
25.91	0.0
25.92	0.0
25.93	0.0
25.94	0.0
25.95	0.0
25.96	0.0
25.97	0.0
25.98	2.0
25.99	3.0
26.0	4.0
26.01	4.0
26.02	3.0
26.03	2.0
26.04	0.0
26.05	0.0
26.06	-1.0
26.07	-3.0
26.08	-4.0
26.09	-6.0
26.1	-6.0
26.11	-5.0
26.12	-3.0
26.13	0.0
26.14	1.0
26.15	4.0
26.16	5.0
26.17	4.0
26.18	3.0
26.19	1.0
26.2	0.0
26.21	0.0
26.22	1.0
26.23	2.0
26.24	1.0
26.25	0.0
26.26	0.0
26.27	-1.0
26.28	-3.0
26.29	-3.0
26.3	-2.0
26.31	-1.0
26.32	0.0
26.33	0.0
26.34	1.0
26.35	1.0
26.36	2.0
26.37	2.0
26.38	2.0
26.39	2.0
26.4	2.0
26.41	1.0
26.42	1.0
26.43	0.0
26.44	0.0
26.45	0.0
26.46	-1.0
26.47	0.0
26.48	0.0
26.49	0.0
26.5	0.0
26.51	1.0
26.52	1.0
26.53	1.0
26.54	1.0
26.55	0.0
26.56	0.0
26.57	0.0
26.58	0.0
26.59	0.0
26.6	0.0
26.61	0.0
26.62	1.0
26.63	3.0
26.64	4.0
26.65	5.0
26.66	4.0
26.67	3.0
26.68	0.0
26.69	0.0
26.7	-1.0
26.71	-2.0
26.72	-2.0
26.73	-1.0
26.74	0.0
26.75	3.0
26.76	6.0
26.77	9.0
26.78	9.0
26.79	6.0
26.8	2.0
26.81	0.0
26.82	-3.0
26.83	-5.0
26.84	-3.0
26.85	0.0
26.86	3.0
26.87	7.0
26.88	10.0
26.89	8.0
26.9	4.0
26.91	0.0
26.92	-2.0
26.93	-6.0
26.94	-7.0
26.95	-7.0
26.96	-5.0
26.97	-3.0
26.98	0.0
26.99	0.0
27.0	3.0
27.01	6.0
27.02	8.0
27.03	8.0
27.04	8.0
27.05	5.0
27.06	1.0
27.07	-1.0
27.08	-5.0
27.09	-7.0
27.1	-8.0
27.11	-8.0
27.12	-7.0
27.13	-5.0
27.14	-2.0
27.15	0.0
27.16	3.0
27.17	7.0
27.18	11.0
27.19	14.0
27.2	14.0
27.21	13.0
27.22	11.0
27.23	8.0
27.24	5.0
27.25	1.0
27.26	0.0
27.27	-4.0
27.28	-8.0
27.29	-10.0
27.3	-10.0
27.31	-7.0
27.32	0.0
27.33	4.0
27.34	10.0
27.35	12.0
27.36	11.0
27.37	6.0
27.38	0.0
27.39	-3.0
27.4	-6.0
27.41	-5.0
27.42	-2.0
27.43	0.0
27.44	5.0
27.45	8.0
27.46	9.0
27.47	6.0
27.48	2.0
27.49	0.0
27.5	-2.0
27.51	-3.0
27.52	-3.0
27.53	-2.0
27.54	-2.0
27.55	-5.0
27.56	-8.0
27.57	-10.0
27.58	-8.0
27.59	-3.0
27.6	4.0
27.61	14.0
27.62	22.0
27.63	25.0
27.64	23.0
27.65	16.0
27.66	5.0
27.67	-4.0
27.68	-14.0
27.69	-20.0
27.7	-20.0
27.71	-14.0
27.72	-2.0
27.73	9.0
27.74	22.0
27.75	30.0
27.76	31.0
27.77	24.0
27.78	11.0
27.79	0.0
27.8	-9.0
27.81	-11.0
27.82	-4.0
27.83	4.0
27.84	15.0
27.85	20.0
27.86	14.0
27.87	0.0
27.88	-19.0
27.89	-36.0
27.9	-41.0
27.91	-32.0
27.92	-10.0
27.93	15.0
27.94	40.0
27.95	52.0
27.96	47.0
27.97	24.0
27.98	-8.0
27.99	-45.0
28.0	-75.0
28.01	-90.0
28.02	-84.0
28.03	-59.0
28.04	-22.0
28.05	14.0
28.06	44.0
28.07	58.0
28.08	54.0
28.09	35.0
28.1	9.0
28.11	-12.0
28.12	-26.0
28.13	-28.0
28.14	-20.0
28.15	-7.0
28.16	2.0
28.17	9.0
28.18	8.0
28.19	2.0
28.2	-1.0
28.21	-5.0
28.22	-3.0
28.23	1.0
28.24	11.0
28.25	20.0
28.26	25.0
28.27	24.0
28.28	16.0
28.29	4.0
28.3	-5.0
28.31	-14.0
28.32	-16.0
28.33	-11.0
28.34	-1.0
28.35	8.0
28.36	18.0
28.37	24.0
28.38	24.0
28.39	17.0
28.4	7.0
28.41	-3.0
28.42	-13.0
28.43	-17.0
28.44	-12.0
28.45	0.0
28.46	12.0
28.47	25.0
28.48	31.0
28.49	28.0
28.5	18.0
28.51	3.0
28.52	-10.0
28.53	-23.0
28.54	-31.0
28.55	-33.0
28.56	-31.0
28.57	-26.0
28.58	-19.0
28.59	-11.0
28.6	0.0
28.61	11.0
28.62	27.0
28.63	41.0
28.64	51.0
28.65	50.0
28.66	36.0
28.67	12.0
28.68	-16.0
28.69	-44.0
28.7	-64.0
28.71	-71.0
28.72	-63.0
28.73	-44.0
28.74	-18.0
28.75	6.0
28.76	29.0
28.77	42.0
28.78	45.0
28.79	38.0
28.8	26.0
28.81	12.0
28.82	1.0
28.83	-2.0
28.84	-4.0
28.85	-5.0
28.86	-5.0
28.87	-6.0
28.88	-9.0
28.89	-13.0
28.9	-16.0
28.91	-16.0
28.92	-11.0
28.93	-2.0
28.94	7.0
28.95	19.0
28.96	28.0
28.97	32.0
28.98	30.0
28.99	23.0
29.0	15.0
29.01	7.0
29.02	3.0
29.03	3.0
29.04	6.0
29.05	9.0
29.06	9.0
29.07	8.0
29.08	5.0
29.09	1.0
29.1	0.0
29.11	-3.0
29.12	-8.0
29.13	-14.0
29.14	-21.0
29.15	-28.0
29.16	-32.0
29.17	-28.0
29.18	-15.0
29.19	2.0
29.2	27.0
29.21	50.0
29.22	63.0
29.23	61.0
29.24	43.0
29.25	15.0
29.26	-12.0
29.27	-36.0
29.28	-48.0
29.29	-46.0
29.3	-35.0
29.31	-20.0
29.32	-5.0
29.33	3.0
29.34	12.0
29.35	18.0
29.36	22.0
29.37	24.0
29.38	24.0
29.39	20.0
29.4	10.0
29.41	0.0
29.42	-13.0
29.43	-24.0
29.44	-31.0
29.45	-35.0
29.46	-37.0
29.47	-39.0
29.48	-40.0
29.49	-39.0
29.5	-33.0
29.51	-21.0
29.52	-4.0
29.53	13.0
29.54	31.0
29.55	41.0
29.56	40.0
29.57	28.0
29.58	10.0
29.59	-6.0
29.6	-19.0
29.61	-24.0
29.62	-19.0
29.63	-8.0
29.64	2.0
29.65	13.0
29.66	19.0
29.67	19.0
29.68	15.0
29.69	8.0
29.7	4.0
29.71	4.0
29.72	8.0
29.73	14.0
29.74	19.0
29.75	22.0
29.76	20.0
29.77	14.0
29.78	7.0
29.79	0.0
29.8	-2.0
29.81	-6.0
29.82	-9.0
29.83	-12.0
29.84	-16.0
29.85	-20.0
29.86	-19.0
29.87	-13.0
29.88	0.0
29.89	18.0
29.9	39.0
29.91	55.0
29.92	61.0
29.93	53.0
29.94	33.0
29.95	5.0
29.96	-21.0
29.97	-45.0
29.98	-56.0
29.99	-52.0
30.0	-33.0
30.01	-6.0
30.02	18.0
30.03	37.0
30.04	43.0
30.05	38.0
30.06	24.0
30.07	7.0
30.08	-7.0
30.09	-19.0
30.1	-27.0
30.11	-31.0
30.12	-31.0
30.13	-31.0
30.14	-29.0
30.15	-26.0
30.16	-19.0
30.17	-7.0
30.18	6.0
30.19	23.0
30.2	36.0
30.21	38.0
30.22	28.0
30.23	7.0
30.24	-16.0
30.25	-39.0
30.26	-52.0
30.27	-52.0
30.28	-40.0
30.29	-20.0
30.3	2.0
30.31	26.0
30.32	46.0
30.33	57.0
30.34	59.0
30.35	52.0
30.36	38.0
30.37	22.0
30.38	6.0
30.39	-5.0
30.4	-14.0
30.41	-18.0
30.42	-18.0
30.43	-14.0
30.44	-7.0
30.45	0.0
30.46	2.0
30.47	6.0
30.48	7.0
30.49	7.0
30.5	7.0
30.51	9.0
30.52	11.0
30.53	12.0
30.54	9.0
30.55	4.0
30.56	0.0
30.57	-6.0
30.58	-8.0
30.59	-6.0
30.6	0.0
30.61	8.0
30.62	19.0
30.63	28.0
30.64	31.0
30.65	28.0
30.66	18.0
30.67	2.0
30.68	-13.0
30.69	-29.0
30.7	-41.0
30.71	-44.0
30.72	-38.0
30.73	-24.0
30.74	-5.0
30.75	10.0
30.76	25.0
30.77	32.0
30.78	30.0
30.79	20.0
30.8	5.0
30.81	-10.0
30.82	-26.0
30.83	-35.0
30.84	-37.0
30.85	-30.0
30.86	-19.0
30.87	-9.0
30.88	-6.0
30.89	-11.0
30.9	-23.0
30.91	-34.0
30.92	-36.0
30.93	-22.0
30.94	4.0
30.95	42.0
30.96	79.0
30.97	102.0
30.98	104.0
30.99	81.0
31.0	39.0
31.01	-11.0
31.02	-60.0
31.03	-95.0
31.04	-107.0
31.05	-95.0
31.06	-64.0
31.07	-23.0
31.08	14.0
31.09	44.0
31.1	58.0
31.11	58.0
31.12	46.0
31.13	29.0
31.14	11.0
31.15	0.0
31.16	-3.0
31.17	-2.0
31.18	0.0
31.19	4.0
31.2	4.0
31.21	0.0
31.22	-6.0
31.23	-15.0
31.24	-19.0
31.25	-15.0
31.26	-4.0
31.27	11.0
31.28	29.0
31.29	43.0
31.3	49.0
31.31	45.0
31.32	33.0
31.33	16.0
31.34	0.0
31.35	-16.0
31.36	-25.0
31.37	-25.0
31.38	-16.0
31.39	-1.0
31.4	13.0
31.41	29.0
31.42	40.0
31.43	46.0
31.44	44.0
31.45	31.0
31.46	10.0
31.47	-13.0
31.48	-38.0
31.49	-54.0
31.5	-60.0
31.51	-53.0
31.52	-37.0
31.53	-17.0
31.54	0.0
31.55	13.0
31.56	20.0
31.57	21.0
31.58	19.0
31.59	15.0
31.6	12.0
31.61	8.0
31.62	5.0
31.63	1.0
31.64	0.0
31.65	-3.0
31.66	-7.0
31.67	-9.0
31.68	-10.0
31.69	-9.0
31.7	-5.0
31.71	0.0
31.72	0.0
31.73	2.0
31.74	2.0
31.75	0.0
31.76	0.0
31.77	0.0
31.78	-1.0
31.79	0.0
31.8	0.0
31.81	0.0
31.82	3.0
31.83	4.0
31.84	4.0
31.85	1.0
31.86	0.0
31.87	-3.0
31.88	-5.0
31.89	-4.0
31.9	0.0
31.91	5.0
31.92	10.0
31.93	11.0
31.94	9.0
31.95	4.0
31.96	0.0
31.97	-4.0
31.98	-8.0
31.99	-10.0
32.0	-9.0
32.01	-6.0
32.02	0.0
32.03	9.0
32.04	19.0
32.05	27.0
32.06	31.0
32.07	28.0
32.08	20.0
32.09	8.0
32.1	-2.0
32.11	-13.0
32.12	-19.0
32.13	-19.0
32.14	-14.0
32.15	-5.0
32.16	3.0
32.17	13.0
32.18	19.0
32.19	20.0
32.2	15.0
32.21	6.0
32.22	-1.0
32.23	-8.0
32.24	-10.0
32.25	-6.0
32.26	0.0
32.27	6.0
32.28	10.0
32.29	7.0
32.3	0.0
32.31	-11.0
32.32	-25.0
32.33	-34.0
32.34	-37.0
32.35	-32.0
32.36	-18.0
32.37	0.0
32.38	22.0
32.39	40.0
32.4	48.0
32.41	44.0
32.42	28.0
32.43	5.0
32.44	-17.0
32.45	-38.0
32.46	-51.0
32.47	-53.0
32.48	-46.0
32.49	-32.0
32.5	-14.0
32.51	2.0
32.52	18.0
32.53	28.0
32.54	32.0
32.55	30.0
32.56	23.0
32.57	14.0
32.58	6.0
32.59	2.0
32.6	0.0
32.61	0.0
32.62	0.0
32.63	1.0
32.64	2.0
32.65	1.0
32.66	0.0
32.67	-2.0
32.68	-4.0
32.69	-4.0
32.7	0.0
32.71	5.0
32.72	14.0
32.73	22.0
32.74	26.0
32.75	24.0
32.76	18.0
32.77	9.0
32.78	0.0
32.79	-6.0
32.8	-13.0
32.81	-17.0
32.82	-17.0
32.83	-14.0
32.84	-9.0
32.85	-3.0
32.86	0.0
32.87	3.0
32.88	3.0
32.89	0.0
32.9	-3.0
32.91	-10.0
32.92	-16.0
32.93	-18.0
32.94	-16.0
32.95	-8.0
32.96	0.0
32.97	10.0
32.98	18.0
32.99	19.0
33.0	14.0
33.01	4.0
33.02	-4.0
33.03	-11.0
33.04	-11.0
33.05	-5.0
33.06	1.0
33.07	9.0
33.08	13.0
33.09	11.0
33.1	3.0
33.11	-3.0
33.12	-12.0
33.13	-16.0
33.14	-15.0
33.15	-9.0
33.16	-1.0
33.17	4.0
33.18	8.0
33.19	9.0
33.2	7.0
33.21	4.0
33.22	2.0
33.23	1.0
33.24	2.0
33.25	4.0
33.26	5.0
33.27	5.0
33.28	3.0
33.29	0.0
33.3	-4.0
33.31	-8.0
33.32	-10.0
33.33	-7.0
33.34	0.0
33.35	8.0
33.36	19.0
33.37	28.0
33.38	31.0
33.39	27.0
33.4	17.0
33.41	2.0
33.42	-12.0
33.43	-26.0
33.44	-33.0
33.45	-30.0
33.46	-16.0
33.47	3.0
33.48	27.0
33.49	47.0
33.5	56.0
33.51	51.0
33.52	35.0
33.53	10.0
33.54	-12.0
33.55	-33.0
33.56	-44.0
33.57	-44.0
33.58	-34.0
33.59	-19.0
33.6	-4.0
33.61	3.0
33.62	7.0
33.63	6.0
33.64	4.0
33.65	4.0
33.66	8.0
33.67	15.0
33.68	20.0
33.69	21.0
33.7	16.0
33.71	4.0
33.72	-6.0
33.73	-19.0
33.74	-26.0
33.75	-27.0
33.76	-22.0
33.77	-13.0
33.78	-3.0
33.79	2.0
33.8	7.0
33.81	9.0
33.82	9.0
33.83	8.0
33.84	7.0
33.85	6.0
33.86	2.0
33.87	-2.0
33.88	-11.0
33.89	-19.0
33.9	-23.0
33.91	-22.0
33.92	-15.0
33.93	-4.0
33.94	5.0
33.95	15.0
33.96	20.0
33.97	19.0
33.98	14.0
33.99	8.0
34.0	2.0
34.01	0.0
34.02	1.0
34.03	4.0
34.04	7.0
34.05	9.0
34.06	9.0
34.07	7.0
34.08	3.0
34.09	0.0
34.1	-5.0
34.11	-10.0
34.12	-14.0
34.13	-15.0
34.14	-14.0
34.15	-8.0
34.16	-1.0
34.17	4.0
34.18	12.0
34.19	17.0
34.2	20.0
34.21	20.0
34.22	16.0
34.23	10.0
34.24	4.0
34.25	0.0
34.26	-1.0
34.27	-2.0
34.28	-2.0
34.29	-2.0
34.3	-1.0
34.31	0.0
34.32	0.0
34.33	2.0
34.34	4.0
34.35	7.0
34.36	8.0
34.37	7.0
34.38	3.0
34.39	0.0
34.4	-4.0
34.41	-6.0
34.42	-4.0
34.43	1.0
34.44	10.0
34.45	18.0
34.46	19.0
34.47	13.0
34.48	0.0
34.49	-19.0
34.5	-38.0
34.51	-49.0
34.52	-50.0
34.53	-38.0
34.54	-16.0
34.55	6.0
34.56	29.0
34.57	46.0
34.58	52.0
34.59	48.0
34.6	36.0
34.61	18.0
34.62	0.0
34.63	-19.0
34.64	-31.0
34.65	-33.0
34.66	-25.0
34.67	-9.0
34.68	6.0
34.69	21.0
34.7	30.0
34.71	30.0
34.72	23.0
34.73	11.0
34.74	0.0
34.75	-9.0
34.76	-13.0
34.77	-11.0
34.78	-5.0
34.79	0.0
34.8	3.0
34.81	3.0
34.82	1.0
34.83	0.0
34.84	-2.0
34.85	-3.0
34.86	-3.0
34.87	-2.0
34.88	-2.0
34.89	-2.0
34.9	-3.0
34.91	-5.0
34.92	-6.0
34.93	-5.0
34.94	-2.0
34.95	1.0
34.96	9.0
34.97	18.0
34.98	25.0
34.99	28.0
35.0	24.0
35.01	13.0
35.02	0.0
35.03	-18.0
35.04	-32.0
35.05	-37.0
35.06	-31.0
35.07	-14.0
35.08	6.0
35.09	29.0
35.1	46.0
35.11	50.0
35.12	42.0
35.13	25.0
35.14	5.0
35.15	-9.0
35.16	-19.0
35.17	-19.0
35.18	-11.0
35.19	-1.0
35.2	6.0
35.21	10.0
35.22	9.0
35.23	3.0
35.24	0.0
35.25	-4.0
35.26	-3.0
35.27	0.0
35.28	2.0
35.29	3.0
35.3	0.0
35.31	-6.0
35.32	-15.0
35.33	-24.0
35.34	-27.0
35.35	-26.0
35.36	-19.0
35.37	-10.0
35.38	0.0
35.39	5.0
35.4	11.0
35.41	13.0
35.42	14.0
35.43	15.0
35.44	15.0
35.45	15.0
35.46	14.0
35.47	10.0
35.48	3.0
35.49	-5.0
35.5	-16.0
35.51	-26.0
35.52	-32.0
35.53	-31.0
35.54	-24.0
35.55	-11.0
35.56	2.0
35.57	18.0
35.58	29.0
35.59	33.0
35.6	30.0
35.61	21.0
35.62	9.0
35.63	0.0
35.64	-4.0
35.65	-3.0
35.66	1.0
35.67	10.0
35.68	17.0
35.69	18.0
35.7	12.0
35.71	0.0
35.72	-12.0
35.73	-24.0
35.74	-31.0
35.75	-30.0
35.76	-22.0
35.77	-9.0
35.78	2.0
35.79	16.0
35.8	26.0
35.81	32.0
35.82	33.0
35.83	30.0
35.84	23.0
35.85	13.0
35.86	3.0
35.87	-3.0
35.88	-10.0
35.89	-13.0
35.9	-13.0
35.91	-10.0
35.92	-6.0
35.93	-3.0
35.94	-2.0
35.95	-3.0
35.96	-5.0
35.97	-5.0
35.98	-1.0
35.99	2.0
36.0	11.0
36.01	18.0
36.02	21.0
36.03	19.0
36.04	12.0
36.05	3.0
36.06	-4.0
36.07	-11.0
36.08	-15.0
36.09	-15.0
36.1	-12.0
36.11	-6.0
36.12	0.0
36.13	5.0
36.14	10.0
36.15	12.0
36.16	10.0
36.17	5.0
36.18	0.0
36.19	-3.0
36.2	-6.0
36.21	-6.0
36.22	-3.0
36.23	0.0
36.24	5.0
36.25	10.0
36.26	13.0
36.27	11.0
36.28	5.0
36.29	0.0
36.3	-7.0
36.31	-12.0
36.32	-13.0
36.33	-10.0
36.34	-5.0
36.35	0.0
36.36	5.0
36.37	9.0
36.38	11.0
36.39	9.0
36.4	5.0
36.41	0.0
36.42	-1.0
36.43	-3.0
36.44	-3.0
36.45	-1.0
36.46	0.0
36.47	0.0
36.48	0.0
36.49	-2.0
36.5	-4.0
36.51	-6.0
36.52	-4.0
36.53	-1.0
36.54	3.0
36.55	10.0
36.56	17.0
36.57	21.0
36.58	21.0
36.59	17.0
36.6	9.0
36.61	0.0
36.62	-6.0
36.63	-11.0
36.64	-13.0
36.65	-10.0
36.66	-5.0
36.67	0.0
36.68	7.0
36.69	14.0
36.7	18.0
36.71	17.0
36.72	13.0
36.73	6.0
36.74	0.0
36.75	-7.0
36.76	-12.0
36.77	-14.0
36.78	-12.0
36.79	-6.0
36.8	0.0
36.81	5.0
36.82	10.0
36.83	11.0
36.84	9.0
36.85	3.0
36.86	-1.0
36.87	-8.0
36.88	-14.0
36.89	-18.0
36.9	-19.0
36.91	-16.0
36.92	-8.0
36.93	0.0
36.94	12.0
36.95	21.0
36.96	25.0
36.97	20.0
36.98	9.0
36.99	-3.0
37.0	-16.0
37.01	-24.0
37.02	-24.0
37.03	-18.0
37.04	-9.0
37.05	0.0
37.06	6.0
37.07	12.0
37.08	16.0
37.09	18.0
37.1	18.0
37.11	16.0
37.12	13.0
37.13	8.0
37.14	1.0
37.15	-3.0
37.16	-10.0
37.17	-17.0
37.18	-23.0
37.19	-25.0
37.2	-24.0
37.21	-17.0
37.22	-7.0
37.23	1.0
37.24	12.0
37.25	19.0
37.26	22.0
37.27	20.0
37.28	14.0
37.29	7.0
37.3	0.0
37.31	-7.0
37.32	-13.0
37.33	-16.0
37.34	-16.0
37.35	-13.0
37.36	-9.0
37.37	-4.0
37.38	0.0
37.39	1.0
37.4	3.0
37.41	4.0
37.42	6.0
37.43	7.0
37.44	8.0
37.45	8.0
37.46	7.0
37.47	4.0
37.48	2.0
37.49	0.0
37.5	1.0
37.51	2.0
37.52	3.0
37.53	3.0
37.54	2.0
37.55	0.0
37.56	0.0
37.57	-1.0
37.58	-2.0
37.59	-4.0
37.6	-8.0
37.61	-12.0
37.62	-16.0
37.63	-17.0
37.64	-15.0
37.65	-7.0
37.66	2.0
37.67	16.0
37.68	28.0
37.69	34.0
37.7	31.0
37.71	19.0
37.72	0.0
37.73	-18.0
37.74	-34.0
37.75	-40.0
37.76	-35.0
37.77	-21.0
37.78	-2.0
37.79	13.0
37.8	25.0
37.81	30.0
37.82	28.0
37.83	23.0
37.84	15.0
37.85	7.0
37.86	2.0
37.87	0.0
37.88	-1.0
37.89	-2.0
37.9	-2.0
37.91	-2.0
37.92	-3.0
37.93	-5.0
37.94	-6.0
37.95	-7.0
37.96	-6.0
37.97	-3.0
37.98	0.0
37.99	4.0
38.0	4.0
38.01	9.0
38.02	11.0
38.03	10.0
38.04	7.0
38.05	1.0
38.06	-2.0
38.07	-8.0
38.08	-11.0
38.09	-11.0
38.1	-8.0
38.11	-5.0
38.12	-2.0
38.13	-1.0
38.14	-1.0
38.15	-1.0
38.16	0.0
38.17	1.0
38.18	6.0
38.19	10.0
38.2	11.0
38.21	9.0
38.22	3.0
38.23	0.0
38.24	-2.0
38.25	-1.0
38.26	3.0
38.27	12.0
38.28	22.0
38.29	27.0
38.3	27.0
38.31	21.0
38.32	10.0
38.33	0.0
38.34	-10.0
38.35	-16.0
38.36	-17.0
38.37	-13.0
38.38	-7.0
38.39	0.0
38.4	2.0
38.41	6.0
38.42	7.0
38.43	7.0
38.44	5.0
38.45	2.0
38.46	0.0
38.47	-2.0
38.48	-5.0
38.49	-7.0
38.5	-6.0
38.51	-5.0
38.52	-3.0
38.53	-1.0
38.54	-1.0
38.55	-2.0
38.56	-2.0
38.57	-2.0
38.58	0.0
38.59	0.0
38.6	2.0
38.61	2.0
38.62	1.0
38.63	0.0
38.64	-4.0
38.65	-10.0
38.66	-14.0
38.67	-16.0
38.68	-13.0
38.69	-7.0
38.7	0.0
38.71	5.0
38.72	10.0
38.73	11.0
38.74	8.0
38.75	1.0
38.76	-2.0
38.77	-6.0
38.78	-7.0
38.79	-4.0
38.8	0.0
38.81	7.0
38.82	13.0
38.83	16.0
38.84	14.0
38.85	10.0
38.86	4.0
38.87	0.0
38.88	0.0
38.89	1.0
38.9	5.0
38.91	8.0
38.92	10.0
38.93	9.0
38.94	7.0
38.95	4.0
38.96	2.0
38.97	1.0
38.98	0.0
38.99	0.0
39.0	-2.0
39.01	-4.0
39.02	-5.0
39.03	-4.0
39.04	-2.0
39.05	0.0
39.06	3.0
39.07	7.0
39.08	9.0
39.09	9.0
39.1	7.0
39.11	4.0
39.12	0.0
39.13	-1.0
39.14	-5.0
39.15	-8.0
39.16	-10.0
39.17	-10.0
39.18	-9.0
39.19	-5.0
39.2	0.0
39.21	3.0
39.22	8.0
39.23	10.0
39.24	8.0
39.25	4.0
39.26	0.0
39.27	-2.0
39.28	-4.0
39.29	-4.0
39.3	0.0
39.31	1.0
39.32	5.0
39.33	8.0
39.34	7.0
39.35	4.0
39.36	1.0
39.37	0.0
39.38	-1.0
39.39	-1.0
39.4	0.0
39.41	0.0
39.42	0.0
39.43	0.0
39.44	0.0
39.45	0.0
39.46	0.0
39.47	1.0
39.48	3.0
39.49	5.0
39.5	6.0
39.51	6.0
39.52	6.0
39.53	6.0
39.54	6.0
39.55	4.0
39.56	1.0
39.57	0.0
39.58	-4.0
39.59	-7.0
39.6	-8.0
39.61	-8.0
39.62	-5.0
39.63	-1.0
39.64	1.0
39.65	6.0
39.66	10.0
39.67	14.0
39.68	15.0
39.69	14.0
39.7	12.0
39.71	7.0
39.72	0.0
39.73	-4.0
39.74	-10.0
39.75	-14.0
39.76	-14.0
39.77	-10.0
39.78	-3.0
39.79	3.0
39.8	12.0
39.81	17.0
39.82	18.0
39.83	14.0
39.84	5.0
39.85	-2.0
39.86	-11.0
39.87	-17.0
39.88	-18.0
39.89	-14.0
39.9	-8.0
39.91	0.0
39.92	3.0
39.93	7.0
39.94	8.0
39.95	7.0
39.96	4.0
39.97	0.0
39.98	0.0
39.99	-2.0
40.0	-2.0
40.01	-2.0
40.02	-2.0
40.03	-2.0
40.04	-2.0
40.05	-1.0
40.06	0.0
40.07	4.0
40.08	8.0
40.09	11.0
40.1	11.0
40.11	9.0
40.12	3.0
40.13	0.0
40.14	-4.0
40.15	-7.0
40.16	-6.0
40.17	-3.0
40.18	0.0
40.19	3.0
40.2	5.0
40.21	5.0
40.22	3.0
40.23	0.0
40.24	-2.0
40.25	-4.0
40.26	-3.0
40.27	0.0
40.28	3.0
40.29	7.0
40.3	10.0
40.31	10.0
40.32	8.0
40.33	4.0
40.34	0.0
40.35	-1.0
40.36	-3.0
40.37	-3.0
40.38	-2.0
40.39	0.0
40.4	0.0
40.41	2.0
40.42	2.0
40.43	2.0
40.44	1.0
40.45	0.0
40.46	0.0
40.47	-2.0
40.48	-3.0
40.49	-1.0
40.5	0.0
40.51	2.0
40.52	4.0
40.53	6.0
40.54	5.0
40.55	3.0
40.56	1.0
40.57	0.0
40.58	-1.0
40.59	-3.0
40.6	-5.0
40.61	-7.0
40.62	-8.0
40.63	-8.0
40.64	-7.0
40.65	-5.0
40.66	-1.0
40.67	1.0
40.68	6.0
40.69	10.0
40.7	11.0
40.71	9.0
40.72	5.0
40.73	0.0
40.74	0.0
40.75	-1.0
40.76	0.0
40.77	3.0
40.78	8.0
40.79	10.0
40.8	10.0
40.81	6.0
40.82	0.0
40.83	-6.0
40.84	-13.0
40.85	-16.0
40.86	-17.0
40.87	-14.0
40.88	-8.0
40.89	-1.0
40.9	4.0
40.91	12.0
40.92	18.0
40.93	21.0
40.94	20.0
40.95	16.0
40.96	9.0
40.97	2.0
40.98	-1.0
40.99	-3.0
41.0	-3.0
41.01	0.0
41.02	0.0
41.03	1.0
41.04	0.0
41.05	-2.0
41.06	-7.0
41.07	-11.0
41.08	-12.0
41.09	-10.0
41.1	-5.0
41.11	0.0
41.12	5.0
41.13	11.0
41.14	14.0
41.15	14.0
41.16	12.0
41.17	8.0
41.18	4.0
41.19	0.0
41.2	0.0
41.21	0.0
41.22	0.0
41.23	3.0
41.24	5.0
41.25	6.0
41.26	5.0
41.27	2.0
41.28	0.0
41.29	-1.0
41.3	-2.0
41.31	0.0
41.32	1.0
41.33	5.0
41.34	9.0
41.35	12.0
41.36	12.0
41.37	11.0
41.38	9.0
41.39	7.0
41.4	5.0
41.41	4.0
41.42	3.0
41.43	1.0
41.44	0.0
41.45	-7.0
41.46	-15.0
41.47	-22.0
41.48	-25.0
41.49	-23.0
41.5	-15.0
41.51	-5.0
41.52	3.0
41.53	10.0
41.54	12.0
41.55	10.0
41.56	4.0
41.57	0.0
41.58	-5.0
41.59	-7.0
41.6	-7.0
41.61	-4.0
41.62	-1.0
41.63	0.0
41.64	0.0
41.65	0.0
41.66	0.0
41.67	-1.0
41.68	-1.0
41.69	-1.0
41.7	0.0
41.71	0.0
41.72	0.0
41.73	0.0
41.74	0.0
41.75	1.0
41.76	2.0
41.77	3.0
41.78	3.0
41.79	2.0
41.8	0.0
41.81	0.0
41.82	-1.0
41.83	-3.0
41.84	-4.0
41.85	-6.0
41.86	-6.0
41.87	-5.0
41.88	-3.0
41.89	0.0
41.9	0.0
41.91	4.0
41.92	7.0
41.93	10.0
41.94	11.0
41.95	12.0
41.96	10.0
41.97	8.0
41.98	5.0
41.99	1.0
42.0	0.0
42.01	-1.0
42.02	-2.0
42.03	-2.0
42.04	0.0
42.05	1.0
42.06	6.0
42.07	10.0
42.08	13.0
42.09	14.0
42.1	10.0
42.11	3.0
42.12	-4.0
42.13	-14.0
42.14	-21.0
42.15	-25.0
42.16	-23.0
42.17	-17.0
42.18	-8.0
42.19	0.0
42.2	10.0
42.21	18.0
42.22	22.0
42.23	21.0
42.24	15.0
42.25	5.0
42.26	-2.0
42.27	-11.0
42.28	-16.0
42.29	-16.0
42.3	-11.0
42.31	-3.0
42.32	2.0
42.33	7.0
42.34	8.0
42.35	6.0
42.36	0.0
42.37	-3.0
42.38	-7.0
42.39	-9.0
42.4	-7.0
42.41	-3.0
42.42	0.0
42.43	3.0
42.44	6.0
42.45	6.0
42.46	4.0
42.47	2.0
42.48	0.0
42.49	0.0
42.5	-2.0
42.51	-3.0
42.52	-2.0
42.53	0.0
42.54	0.0
42.55	1.0
42.56	3.0
42.57	4.0
42.58	3.0
42.59	3.0
42.6	2.0
42.61	1.0
42.62	0.0
42.63	0.0
42.64	0.0
42.65	1.0
42.66	2.0
42.67	3.0
42.68	3.0
42.69	3.0
42.7	1.0
42.71	0.0
42.72	1.0
42.73	3.0
42.74	6.0
42.75	10.0
42.76	12.0
42.77	11.0
42.78	6.0
42.79	0.0
42.8	-5.0
42.81	-10.0
42.82	-12.0
42.83	-10.0
42.84	-5.0
42.85	0.0
42.86	6.0
42.87	11.0
42.88	13.0
42.89	13.0
42.9	10.0
42.91	5.0
42.92	0.0
42.93	-2.0
42.94	-6.0
42.95	-9.0
42.96	-10.0
42.97	-9.0
42.98	-6.0
42.99	-2.0
43.0	0.0
43.01	1.0
43.02	1.0
43.03	0.0
43.04	-2.0
43.05	-6.0
43.06	-7.0
43.07	-6.0
43.08	-3.0
43.09	0.0
43.1	3.0
43.11	6.0
43.12	5.0
43.13	1.0
43.14	-2.0
43.15	-7.0
43.16	-11.0
43.17	-10.0
43.18	-4.0
43.19	0.0
43.2	7.0
43.21	12.0
43.22	12.0
43.23	8.0
43.24	2.0
43.25	-1.0
43.26	-5.0
43.27	-6.0
43.28	-4.0
43.29	0.0
43.3	3.0
43.31	7.0
43.32	9.0
43.33	8.0
43.34	5.0
43.35	3.0
43.36	3.0
43.37	4.0
43.38	6.0
43.39	8.0
43.4	8.0
43.41	4.0
43.42	0.0
43.43	-5.0
43.44	-11.0
43.45	-14.0
43.46	-13.0
43.47	-8.0
43.48	-1.0
43.49	4.0
43.5	10.0
43.51	14.0
43.52	15.0
43.53	13.0
43.54	9.0
43.55	4.0
43.56	0.0
43.57	-1.0
43.58	-3.0
43.59	-3.0
43.6	-1.0
43.61	0.0
43.62	3.0
43.63	6.0
43.64	7.0
43.65	7.0
43.66	6.0
43.67	2.0
43.68	0.0
43.69	-3.0
43.7	-7.0
43.71	-9.0
43.72	-9.0
43.73	-6.0
43.74	-3.0
43.75	0.0
43.76	1.0
43.77	3.0
43.78	3.0
43.79	2.0
43.8	0.0
43.81	0.0
43.82	-1.0
43.83	-1.0
43.84	0.0
43.85	0.0
43.86	3.0
43.87	6.0
43.88	7.0
43.89	6.0
43.9	2.0
43.91	-1.0
43.92	-7.0
43.93	-11.0
43.94	-12.0
43.95	-9.0
43.96	-3.0
43.97	2.0
43.98	9.0
43.99	14.0
44.0	16.0
44.01	15.0
44.02	12.0
44.03	7.0
44.04	2.0
44.05	0.0
44.06	0.0
44.07	0.0
44.08	0.0
44.09	0.0
44.1	0.0
44.11	0.0
44.12	0.0
44.13	-1.0
44.14	-2.0
44.15	-2.0
44.16	-2.0
44.17	0.0
44.18	1.0
44.19	5.0
44.2	9.0
44.21	12.0
44.22	13.0
44.23	10.0
44.24	5.0
44.25	0.0
44.26	-4.0
44.27	-7.0
44.28	-6.0
44.29	-2.0
44.3	1.0
44.31	6.0
44.32	8.0
44.33	8.0
44.34	4.0
44.35	0.0
44.36	-3.0
44.37	-7.0
44.38	-7.0
44.39	-5.0
44.4	-1.0
44.41	0.0
44.42	3.0
44.43	4.0
44.44	3.0
44.45	0.0
44.46	-1.0
44.47	-6.0
44.48	-9.0
44.49	-11.0
44.5	-11.0
44.51	-7.0
44.52	-1.0
44.53	3.0
44.54	9.0
44.55	12.0
44.56	11.0
44.57	7.0
44.58	0.0
44.59	-4.0
44.6	-11.0
44.61	-15.0
44.62	-17.0
44.63	-15.0
44.64	-11.0
44.65	-5.0
44.66	0.0
44.67	4.0
44.68	7.0
44.69	8.0
44.7	6.0
44.71	3.0
44.72	0.0
44.73	0.0
44.74	0.0
44.75	2.0
44.76	5.0
44.77	7.0
44.78	7.0
44.79	5.0
44.8	2.0
44.81	0.0
44.82	-3.0
44.83	-7.0
44.84	-8.0
44.85	-7.0
44.86	-4.0
44.87	0.0
44.88	4.0
44.89	10.0
44.9	13.0
44.91	13.0
44.92	12.0
44.93	9.0
44.94	6.0
44.95	2.0
44.96	0.0
44.97	0.0
44.98	-2.0
44.99	-3.0
45.0	-3.0
45.01	-2.0
45.02	-1.0
45.03	0.0
45.04	0.0
45.05	1.0
45.06	2.0
45.07	2.0
45.08	2.0
45.09	1.0
45.1	0.0
45.11	0.0
45.12	1.0
45.13	2.0
45.14	3.0
45.15	3.0
45.16	1.0
45.17	0.0
45.18	0.0
45.19	0.0
45.2	0.0
45.21	0.0
45.22	0.0
45.23	0.0
45.24	0.0
45.25	-2.0
45.26	-5.0
45.27	-7.0
45.28	-7.0
45.29	-5.0
45.3	-2.0
45.31	0.0
45.32	2.0
45.33	4.0
45.34	5.0
45.35	5.0
45.36	3.0
45.37	1.0
45.38	0.0
45.39	-1.0
45.4	-3.0
45.41	-3.0
45.42	-3.0
45.43	-1.0
45.44	0.0
45.45	0.0
45.46	0.0
45.47	0.0
45.48	0.0
45.49	0.0
45.5	0.0
45.51	0.0
45.52	0.0
45.53	1.0
45.54	3.0
45.55	5.0
45.56	7.0
45.57	8.0
45.58	9.0
45.59	10.0
45.6	10.0
45.61	8.0
45.62	5.0
45.63	2.0
45.64	0.0
45.65	-1.0
45.66	-2.0
45.67	-2.0
45.68	-1.0
45.69	0.0
45.7	0.0
45.71	2.0
45.72	2.0
45.73	3.0
45.74	2.0
45.75	2.0
45.76	0.0
45.77	0.0
45.78	0.0
45.79	0.0
45.8	1.0
45.81	2.0
45.82	3.0
45.83	3.0
45.84	2.0
45.85	0.0
45.86	0.0
45.87	-2.0
45.88	-4.0
45.89	-5.0
45.9	-5.0
45.91	-4.0
45.92	-1.0
45.93	0.0
45.94	2.0
45.95	5.0
45.96	7.0
45.97	8.0
45.98	7.0
45.99	4.0
46.0	0.0
46.01	-4.0
46.02	-11.0
46.03	-16.0
46.04	-18.0
46.05	-18.0
46.06	-14.0
46.07	-8.0
46.08	-2.0
46.09	2.0
46.1	7.0
46.11	9.0
46.12	7.0
46.13	4.0
46.14	0.0
46.15	-4.0
46.16	-7.0
46.17	-8.0
46.18	-6.0
46.19	-1.0
46.2	3.0
46.21	8.0
46.22	12.0
46.23	13.0
46.24	11.0
46.25	7.0
46.26	2.0
46.27	-1.0
46.28	-5.0
46.29	-7.0
46.3	-6.0
46.31	-4.0
46.32	0.0
46.33	1.0
46.34	5.0
46.35	7.0
46.36	8.0
46.37	7.0
46.38	5.0
46.39	2.0
46.4	0.0
46.41	0.0
46.42	0.0
46.43	-1.0
46.44	-1.0
46.45	-2.0
46.46	-3.0
46.47	-3.0
46.48	-1.0
46.49	0.0
46.5	6.0
46.51	11.0
46.52	15.0
46.53	16.0
46.54	14.0
46.55	10.0
46.56	4.0
46.57	0.0
46.58	-4.0
46.59	-7.0
46.6	-8.0
46.61	-7.0
46.62	-4.0
46.63	0.0
46.64	0.0
46.65	2.0
46.66	3.0
46.67	2.0
46.68	1.0
46.69	0.0
46.7	0.0
46.71	0.0
46.72	1.0
46.73	2.0
46.74	3.0
46.75	4.0
46.76	3.0
46.77	2.0
46.78	0.0
46.79	0.0
46.8	0.0
46.81	0.0
46.82	0.0
46.83	1.0
46.84	1.0
46.85	0.0
46.86	0.0
46.87	-2.0
46.88	-5.0
46.89	-6.0
46.9	-6.0
46.91	-3.0
46.92	0.0
46.93	1.0
46.94	5.0
46.95	7.0
46.96	8.0
46.97	7.0
46.98	5.0
46.99	3.0
47.0	0.0
47.01	0.0
47.02	-1.0
47.03	-2.0
47.04	-2.0
47.05	-1.0
47.06	0.0
47.07	0.0
47.08	2.0
47.09	3.0
47.1	4.0
47.11	3.0
47.12	2.0
47.13	1.0
47.14	0.0
47.15	0.0
47.16	0.0
47.17	0.0
47.18	0.0
47.19	0.0
47.2	0.0
47.21	0.0
47.22	0.0
47.23	0.0
47.24	0.0
47.25	0.0
47.26	0.0
47.27	2.0
47.28	2.0
47.29	1.0
47.3	0.0
47.31	-1.0
47.32	-4.0
47.33	-6.0
47.34	-6.0
47.35	-5.0
47.36	-3.0
47.37	0.0
47.38	1.0
47.39	3.0
47.4	4.0
47.41	4.0
47.42	2.0
47.43	1.0
47.44	0.0
47.45	0.0
47.46	-2.0
47.47	-2.0
47.48	-3.0
47.49	-3.0
47.5	-3.0
47.51	-2.0
47.52	-1.0
47.53	0.0
47.54	0.0
47.55	2.0
47.56	3.0
47.57	3.0
47.58	3.0
47.59	3.0
47.6	3.0
47.61	3.0
47.62	2.0
47.63	2.0
47.64	1.0
47.65	1.0
47.66	0.0
47.67	0.0
47.68	0.0
47.69	-1.0
47.7	-2.0
47.71	-1.0
47.72	0.0
47.73	0.0
47.74	0.0
47.75	0.0
47.76	0.0
47.77	-1.0
47.78	-1.0
47.79	0.0
47.8	0.0
47.81	0.0
47.82	1.0
47.83	1.0
47.84	2.0
47.85	1.0
47.86	0.0
47.87	-1.0
47.88	-3.0
47.89	-5.0
47.9	-5.0
47.91	-5.0
47.92	-4.0
47.93	-4.0
47.94	-2.0
47.95	0.0
47.96	0.0
47.97	5.0
47.98	10.0
47.99	14.0
48.0	16.0
48.01	15.0
48.02	11.0
48.03	7.0
48.04	2.0
48.05	0.0
48.06	0.0
48.07	-1.0
48.08	-1.0
48.09	-1.0
48.1	-1.0
48.11	-1.0
48.12	0.0
48.13	0.0
48.14	3.0
48.15	6.0
48.16	9.0
48.17	11.0
48.18	11.0
48.19	8.0
48.2	3.0
48.21	0.0
48.22	-4.0
48.23	-7.0
48.24	-8.0
48.25	-6.0
48.26	-3.0
48.27	0.0
48.28	3.0
48.29	7.0
48.3	9.0
48.31	9.0
48.32	6.0
48.33	2.0
48.34	0.0
48.35	-5.0
48.36	-8.0
48.37	-9.0
48.38	-7.0
48.39	-4.0
48.4	0.0
48.41	3.0
48.42	6.0
48.43	7.0
48.44	6.0
48.45	2.0
48.46	0.0
48.47	-3.0
48.48	-5.0
48.49	-6.0
48.5	-5.0
48.51	-3.0
48.52	-2.0
48.53	-1.0
48.54	0.0
48.55	0.0
48.56	0.0
48.57	0.0
48.58	2.0
48.59	3.0
48.6	3.0
48.61	1.0
48.62	0.0
48.63	-4.0
48.64	-8.0
48.65	-9.0
48.66	-7.0
48.67	-3.0
48.68	0.0
48.69	5.0
48.7	9.0
48.71	10.0
48.72	9.0
48.73	6.0
48.74	2.0
48.75	0.0
48.76	-2.0
48.77	-4.0
48.78	-4.0
48.79	-3.0
48.8	-2.0
48.81	0.0
48.82	1.0
48.83	3.0
48.84	6.0
48.85	6.0
48.86	6.0
48.87	5.0
48.88	3.0
48.89	1.0
48.9	0.0
48.91	0.0
48.92	-1.0
48.93	-3.0
48.94	-3.0
48.95	-3.0
48.96	-2.0
48.97	-1.0
48.98	0.0
48.99	2.0
49.0	2.0
49.01	5.0
49.02	7.0
49.03	7.0
49.04	5.0
49.05	2.0
49.06	0.0
49.07	-2.0
49.08	-3.0
49.09	-3.0
49.1	-1.0
49.11	0.0
49.12	1.0
49.13	3.0
49.14	4.0
49.15	3.0
49.16	1.0
49.17	0.0
49.18	0.0
49.19	-2.0
49.2	-2.0
49.21	-1.0
49.22	0.0
49.23	0.0
49.24	1.0
49.25	2.0
49.26	2.0
49.27	1.0
49.28	0.0
49.29	0.0
49.3	0.0
49.31	-1.0
49.32	-2.0
49.33	-3.0
49.34	-3.0
49.35	-1.0
49.36	0.0
49.37	3.0
49.38	7.0
49.39	10.0
49.4	11.0
49.41	11.0
49.42	8.0
49.43	4.0
49.44	0.0
49.45	-2.0
49.46	-5.0
49.47	-6.0
49.48	-4.0
49.49	-1.0
49.5	0.0
49.51	3.0
49.52	5.0
49.53	4.0
49.54	1.0
49.55	0.0
49.56	-2.0
49.57	-4.0
49.58	-4.0
49.59	-1.0
49.6	0.0
49.61	2.0
49.62	4.0
49.63	5.0
49.64	5.0
49.65	4.0
49.66	3.0
49.67	2.0
49.68	1.0
49.69	0.0
49.7	0.0
49.71	0.0
49.72	-1.0
49.73	-2.0
49.74	-4.0
49.75	-5.0
49.76	-5.0
49.77	-4.0
49.78	-2.0
49.79	0.0
49.8	0.0
49.81	3.0
49.82	5.0
49.83	7.0
49.84	7.0
49.85	5.0
49.86	3.0
49.87	0.0
49.88	-1.0
49.89	-4.0
49.9	-5.0
49.91	-4.0
49.92	-2.0
49.93	0.0
49.94	1.0
49.95	4.0
49.96	6.0
49.97	6.0
49.98	4.0
49.99	1.0
50.0	0.0
50.01	0.0
50.02	0.0
50.03	0.0
50.04	0.0
50.05	2.0
50.06	4.0
50.07	5.0
50.08	4.0
50.09	2.0
50.1	0.0
50.11	0.0
50.12	0.0
50.13	0.0
50.14	0.0
50.15	0.0
50.16	0.0
50.17	0.0
50.18	0.0
50.19	0.0
50.2	0.0
50.21	0.0
50.22	0.0
50.23	0.0
50.24	1.0
50.25	2.0
50.26	3.0
50.27	4.0
50.28	3.0
50.29	1.0
50.3	0.0
50.31	0.0
50.32	-2.0
50.33	-3.0
50.34	-3.0
50.35	-3.0
50.36	-2.0
50.37	-1.0
50.38	0.0
50.39	0.0
50.4	0.0
50.41	0.0
50.42	1.0
50.43	2.0
50.44	2.0
50.45	2.0
50.46	1.0
50.47	0.0
50.48	0.0
50.49	0.0
50.5	0.0
50.51	0.0
50.52	0.0
50.53	0.0
50.54	0.0
50.55	0.0
50.56	0.0
50.57	-1.0
50.58	-2.0
50.59	-2.0
50.6	-1.0
50.61	0.0
50.62	4.0
50.63	8.0
50.64	10.0
50.65	10.0
50.66	8.0
50.67	4.0
50.68	0.0
50.69	-1.0
50.7	-2.0
50.71	-2.0
50.72	-1.0
50.73	0.0
50.74	0.0
50.75	0.0
50.76	0.0
50.77	0.0
50.78	-1.0
50.79	-1.0
50.8	0.0
50.81	0.0
50.82	1.0
50.83	3.0
50.84	4.0
50.85	4.0
50.86	3.0
50.87	1.0
50.88	0.0
50.89	0.0
50.9	0.0
50.91	0.0
50.92	0.0
50.93	0.0
50.94	0.0
50.95	0.0
50.96	0.0
50.97	0.0
50.98	0.0
50.99	0.0
51.0	0.0
51.01	0.0
51.02	2.0
51.03	2.0
51.04	3.0
51.05	2.0
51.06	1.0
51.07	0.0
51.08	0.0
51.09	0.0
51.1	0.0
51.11	0.0
51.12	0.0
51.13	0.0
51.14	0.0
51.15	0.0
51.16	0.0
51.17	0.0
51.18	0.0
51.19	0.0
51.2	0.0
51.21	0.0
51.22	0.0
51.23	0.0
51.24	0.0
51.25	-1.0
51.26	-1.0
51.27	-1.0
51.28	0.0
51.29	0.0
51.3	1.0
51.31	2.0
51.32	3.0
51.33	2.0
51.34	0.0
51.35	0.0
51.36	-2.0
51.37	-3.0
51.38	-2.0
51.39	0.0
51.4	2.0
51.41	4.0
51.42	5.0
51.43	5.0
51.44	2.0
51.45	0.0
51.46	0.0
51.47	0.0
51.48	0.0
51.49	0.0
51.5	0.0
51.51	0.0
51.52	1.0
51.53	2.0
51.54	2.0
51.55	3.0
51.56	4.0
51.57	4.0
51.58	4.0
51.59	2.0
51.6	0.0
51.61	0.0
51.62	-1.0
51.63	-2.0
51.64	-2.0
51.65	0.0
51.66	0.0
51.67	0.0
51.68	0.0
51.69	0.0
51.7	0.0
51.71	0.0
51.72	0.0
51.73	1.0
51.74	1.0
51.75	0.0
51.76	0.0
51.77	0.0
51.78	-1.0
51.79	-3.0
51.8	-3.0
51.81	-3.0
51.82	-1.0
51.83	0.0
51.84	0.0
51.85	1.0
51.86	1.0
51.87	0.0
51.88	0.0
51.89	-1.0
51.9	-3.0
51.91	-4.0
51.92	-3.0
51.93	0.0
51.94	1.0
51.95	5.0
51.96	7.0
51.97	7.0
51.98	6.0
51.99	3.0
52.0	0.0
52.01	-1.0
52.02	-4.0
52.03	-5.0
52.04	-4.0
52.05	-1.0
52.06	0.0
52.07	2.0
52.08	4.0
52.09	5.0
52.1	3.0
52.11	1.0
52.12	0.0
52.13	-2.0
52.14	-5.0
52.15	-6.0
52.16	-6.0
52.17	-4.0
52.18	-2.0
52.19	0.0
52.2	0.0
52.21	3.0
52.22	4.0
52.23	5.0
52.24	5.0
52.25	4.0
52.26	3.0
52.27	1.0
52.28	0.0
52.29	0.0
52.3	0.0
52.31	-1.0
52.32	-2.0
52.33	-2.0
52.34	-2.0
52.35	-1.0
52.36	0.0
52.37	0.0
52.38	2.0
52.39	3.0
52.4	4.0
52.41	4.0
52.42	2.0
52.43	1.0
52.44	0.0
52.45	0.0
52.46	0.0
52.47	0.0
52.48	0.0
52.49	3.0
52.5	5.0
52.51	5.0
52.52	3.0
52.53	0.0
52.54	-1.0
52.55	-5.0
52.56	-7.0
52.57	-6.0
52.58	-3.0
52.59	0.0
52.6	3.0
52.61	7.0
52.62	9.0
52.63	8.0
52.64	6.0
52.65	2.0
52.66	0.0
52.67	0.0
52.68	0.0
52.69	0.0
52.7	0.0
52.71	1.0
52.72	0.0
52.73	0.0
52.74	-1.0
52.75	-3.0
52.76	-5.0
52.77	-6.0
52.78	-4.0
52.79	0.0
52.8	2.0
52.81	7.0
52.82	10.0
52.83	11.0
52.84	9.0
52.85	4.0
52.86	0.0
52.87	-2.0
52.88	-5.0
52.89	-6.0
52.9	-4.0
52.91	-2.0
52.92	0.0
52.93	1.0
52.94	2.0
52.95	2.0
52.96	1.0
52.97	1.0
52.98	0.0
52.99	0.0
53.0	0.0
53.01	0.0
53.02	0.0
53.03	0.0
53.04	-1.0
53.05	-2.0
53.06	-3.0
53.07	-4.0
53.08	-3.0
53.09	-2.0
53.1	0.0
53.11	0.0
53.12	3.0
53.13	5.0
53.14	5.0
53.15	5.0
53.16	3.0
53.17	0.0
53.18	0.0
53.19	-1.0
53.2	-1.0
53.21	0.0
53.22	0.0
53.23	1.0
53.24	3.0
53.25	4.0
53.26	4.0
53.27	4.0
53.28	3.0
53.29	2.0
53.3	2.0
53.31	2.0
53.32	3.0
53.33	2.0
53.34	1.0
53.35	0.0
53.36	-1.0
53.37	-3.0
53.38	-5.0
53.39	-5.0
53.4	-3.0
53.41	0.0
53.42	1.0
53.43	4.0
53.44	7.0
53.45	8.0
53.46	8.0
53.47	7.0
53.48	5.0
53.49	3.0
53.5	0.0
53.51	0.0
53.52	0.0
53.53	-1.0
53.54	0.0
53.55	0.0
53.56	0.0
53.57	0.0
53.58	0.0
53.59	0.0
53.6	0.0
53.61	0.0
53.62	0.0
53.63	0.0
53.64	0.0
53.65	0.0
53.66	0.0
53.67	0.0
53.68	0.0
53.69	0.0
53.7	0.0
53.71	1.0
53.72	3.0
53.73	4.0
53.74	4.0
53.75	3.0
53.76	0.0
53.77	0.0
53.78	-3.0
53.79	-5.0
53.8	-6.0
53.81	-5.0
53.82	-3.0
53.83	-1.0
53.84	0.0
53.85	1.0
53.86	2.0
53.87	2.0
53.88	2.0
53.89	1.0
53.9	0.0
53.91	0.0
53.92	0.0
53.93	0.0
53.94	0.0
53.95	0.0
53.96	0.0
53.97	0.0
53.98	0.0
53.99	0.0
54.0	0.0
