0.303708
0.335658
0.574934
1.056221
1.291600
0.956190
0.826813
0.537259
0.269459
0.242669
0.243102
0.266498
0.235333
0.248434
0.268310
0.299339
0.295190
0.301023
0.253401
0.200621
0.178015
0.153479
0.111002
0.104298
0.105481
0.097818
0.091513
0.084641
0.078258
0.074397
0.072685
0.073315
0.075822
0.076630
0.076511
0.070714
0.063240
0.057244
0.051499
0.045679
0.045021
0.042783
0.039544
0.035919
0.033057
0.029836
0.027396
0.025299
0.023626
0.022299
0.021162
0.019979
0.018445
0.016657
0.015107
0.014268
0.013480
0.013355
0.014147
0.014687
0.014649
0.014928
0.014723
0.013920
0.012563
0.012145
0.012397
0.012446
0.012272
0.011761
0.010911
0.009802
0.009445
0.009728
0.010055
0.010310
0.010431
0.010413
0.010247
0.009908
0.009391
0.008755
0.008107
0.007578
0.007272
0.007253
0.007312
0.007535
0.007788
0.008005
0.008144
0.008187
0.008134
0.008001
0.007816
0.007611
0.007421
0.007277
0.007199
0.007194
0.007248
0.007332
0.007401
0.007416
0.007333
0.007132
0.006815
0.006414
0.005975
0.005806
0.005811
0.005825
0.005863
0.005911
0.005860
0.005747
0.005799
0.005755
0.005656
0.005722
0.005739
