0.379401
0.400107
0.508343
0.940963
1.289156
1.325801
0.933637
0.702396
0.392338
0.241910
0.193188
0.203400
0.203054
0.228028
0.250099
0.338994
0.398350
0.380245
0.313193
0.261104
0.179149
0.150343
0.122440
0.103178
0.082560
0.071966
0.057676
0.054017
0.054211
0.051260
0.048618
0.047791
0.051187
0.052937
0.052468
0.051236
0.048513
0.044995
0.041457
0.046907
0.045485
0.039580
0.034144
0.031658
0.031630
0.033351
0.035157
0.037594
0.037325
0.034216
0.031430
0.030987
0.029609
0.027966
0.026242
0.025100
0.024724
0.024465
0.023670
0.022311
0.020749
0.019324
0.018347
0.017916
0.017825
0.017893
0.017858
0.017411
0.016865
0.016366
0.015926
0.015357
0.014669
0.014002
0.013389
0.012819
0.012305
0.011753
0.011639
0.011823
0.011539
0.010823
0.009820
0.009273
0.009273
0.009273
0.009273
0.009273
0.009273
0.009273
0.009273
0.009273
0.009273
0.009273
0.009273
0.009273
0.009273
0.009273
0.009273
0.009273
0.009276
0.009299
0.009290
0.009280
0.009273
0.009273
0.009273
0.009545
0.009765
0.009921
0.009985
0.009977
0.009901
0.009771
0.009622
0.009435
0.009273
0.009273
0.009273
0.009273
0.009273
