0.221886
0.283847
0.477140
0.799361
0.739050
0.668720
0.620505
0.463119
0.258937
0.263741
0.171241
0.127519
0.120207
0.103452
0.114265
0.100467
0.073510
0.051197
0.045177
0.040334
0.040992
0.032968
0.028466
0.025933
0.026693
0.029625
0.025523
0.021402
0.019747
0.018152
0.018091
0.020536
0.021740
0.019870
0.017551
0.015595
0.013308
0.011941
0.010807
0.009794
0.009955
0.009905
0.009534
0.009099
0.009585
0.009834
0.009654
0.010005
0.009943
0.009341
0.008906
0.008906
0.008906
0.008906
0.008906
0.008906
0.008906
0.008906
0.008906
0.008906
0.008906
0.008906
0.008906
0.008906
0.008906
0.008906
0.008906
0.008906
0.008906
0.008906
0.008906
0.008906
0.008906
0.008906
0.008906
0.008906
0.008906
0.008906
0.008906
0.008906
0.008906
0.008906
0.008906
0.008906
0.008906
0.008906
0.008906
0.008906
0.008906
0.008906
0.008906
0.008906
0.008906
0.008906
0.008906
0.008906
0.008906
0.008906
0.008906
0.008906
0.008906
0.008906
0.008906
0.008906
0.008906
0.008906
0.008906
0.008906
0.008906
0.008906
0.008906
0.008906
0.008906
0.008906
0.008906
0.008906
0.008906
0.008906
0.008906
0.008906
0.008906
