0.326571
0.330851
0.354873
0.463066
0.695048
0.662639
1.084530
1.322652
1.398022
1.162299
0.933054
0.922137
0.633058
0.550459
0.571093
0.534101
0.550757
0.689905
0.647666
0.506318
0.465244
0.421536
0.452125
0.490748
0.509624
0.503995
0.510748
0.433155
0.390357
0.383177
0.373112
0.368614
0.377441
0.371272
0.382091
0.358482
0.329235
0.317235
0.314277
0.309293
0.290623
0.284073
0.293178
0.288292
0.271727
0.258023
0.252256
0.294318
0.317632
0.308651
0.282499
0.273867
0.255920
0.228669
0.210207
0.210329
0.221627
0.232914
0.234674
0.227173
0.220468
0.217291
0.219727
0.227230
0.234995
0.236822
0.230044
0.212817
0.187576
0.179780
0.174597
0.164739
0.164455
0.169594
0.178944
0.190283
0.199286
0.202262
0.210943
0.217771
0.215772
0.209232
0.204601
0.213414
0.218790
0.220273
0.218001
0.213437
0.209802
0.204624
0.198174
0.190879
0.183280
0.175371
0.167350
0.161351
0.161454
0.158460
0.157156
0.157966
0.156667
0.154549
0.153649
0.155251
0.159229
0.164275
0.168833
0.172016
0.173354
0.171879
0.167637
0.161688
0.155710
0.151110
0.149174
0.147262
0.146431
0.145251
0.142998
0.139527
0.135105
