0.320341
0.325386
0.352192
0.391335
0.585847
0.804535
1.147914
1.151892
1.345093
1.084898
0.848630
0.805022
0.580950
0.501183
0.471577
0.532803
0.543642
0.535976
0.613169
0.730575
0.597247
0.532441
0.462525
0.399284
0.389597
0.380627
0.381796
0.364239
0.317873
0.333433
0.378911
0.390326
0.368617
0.423348
0.473649
0.455335
0.444156
0.453195
0.458592
0.421669
0.365807
0.322990
0.348835
0.346632
0.302245
0.270222
0.262333
0.239405
0.219754
0.206469
0.215382
0.208062
0.196918
0.211420
0.229613
0.244836
0.255085
0.255881
0.244216
0.231937
0.218104
0.201026
0.182083
0.165010
0.154132
0.143562
0.134567
0.130763
0.137607
0.142781
0.143387
0.150534
0.169423
0.183705
0.192952
0.197326
0.197222
0.193674
0.188371
0.183197
0.177901
0.171769
0.164876
0.157289
0.151689
0.151251
0.148465
0.154277
0.161151
0.165173
0.167619
0.170417
0.179101
0.193279
0.204934
0.211182
0.210192
0.201822
0.189342
0.184139
0.177573
0.169794
0.160467
0.150968
0.151940
0.152612
0.155322
0.157620
0.159548
0.160990
0.161834
0.162051
0.161671
0.161026
0.160160
0.158939
0.157286
0.155178
0.152893
0.150781
0.148122
