0.377232
0.390875
0.439872
0.569301
0.697059
0.781790
1.444885
1.446555
1.271499
1.215772
0.922617
0.715980
0.517799
0.411509
0.390499
0.399090
0.338884
0.290111
0.247854
0.218080
0.192328
0.188992
0.194688
0.175876
0.187909
0.165068
0.156976
0.138575
0.123182
0.122027
0.124047
0.131324
0.141382
0.136611
0.128526
0.120413
0.117188
0.100558
0.089920
0.092332
0.098577
0.107337
0.114712
0.109150
0.096103
0.082913
0.078002
0.077459
0.077028
0.075957
0.075612
0.076277
0.076494
0.074445
0.068229
0.074003
0.073764
0.072547
0.070083
0.067023
0.064186
0.061661
0.062516
0.063794
0.062482
0.059503
0.057902
0.057549
0.055957
0.053370
0.052225
0.050219
0.047274
0.043846
0.040977
0.037582
0.035979
0.036842
0.037072
0.036847
0.036314
0.036036
0.038241
0.039952
0.040882
0.041148
0.041427
0.040882
0.039725
0.038211
0.036552
0.034867
0.033252
0.034075
0.034068
0.033514
0.032634
0.031652
0.030720
0.029817
0.028788
0.027562
0.026306
0.025747
0.025487
0.025638
0.025773
0.025872
0.025920
0.025830
0.026039
0.026276
0.026211
0.025837
0.025211
0.024454
0.023610
0.022507
0.021524
0.020547
0.019616
