0.152476
0.161049
0.181110
0.269137
0.419359
0.819530
0.408445
0.556549
0.360758
0.228384
0.155303
0.180149
0.131045
0.096978
0.078005
0.080620
0.070425
0.085017
0.071977
0.065045
0.068786
0.087256
0.089513
0.090918
0.087182
0.074127
0.066976
0.069784
0.058213
0.044858
0.042236
0.041439
0.038943
0.037390
0.037177
0.034942
0.032051
0.031389
0.034125
0.034591
0.032806
0.030892
0.028550
0.024915
0.024926
0.023661
0.022326
0.021264
0.020444
0.022478
0.023366
0.021836
0.020670
0.018255
0.015856
0.014675
0.015627
0.015972
0.015831
0.015243
0.015963
0.017320
0.017898
0.018397
0.019144
0.019590
0.019390
0.018757
0.018086
0.017526
0.016906
0.016374
0.015661
0.015507
0.015224
0.014834
0.014538
0.014386
0.014073
0.013523
0.012819
0.012153
0.011708
0.011571
0.011698
0.011956
0.012192
0.012298
0.012206
0.012244
0.012401
0.012449
0.012387
0.012220
0.011951
0.011595
0.011182
0.010778
0.010463
0.010305
0.010336
0.010542
0.010864
0.011214
0.011496
0.011638
0.011601
0.011367
0.010974
0.010613
0.010156
0.009838
0.009669
0.009653
0.009469
0.009157
0.008753
0.008515
0.008589
0.008583
0.008524
