0.736538
0.744473
0.811434
0.928924
1.067480
1.912189
2.601653
4.083572
2.815647
1.650848
1.352618
1.105641
0.731911
0.512977
0.523227
0.563489
0.575524
0.563678
0.514794
0.468949
0.438812
0.468923
0.505014
0.509502
0.572160
0.510544
0.474249
0.468274
0.469724
0.466676
0.455994
0.435955
0.408780
0.378114
0.348309
0.322024
0.321133
0.311953
0.261550
0.250675
0.240966
0.235228
0.224435
0.215312
0.203282
0.189396
0.183579
0.176969
0.158306
0.149733
0.144461
0.140475
0.137193
0.133876
0.130303
0.126891
0.123686
0.120188
0.116034
0.111291
0.106283
0.101396
0.096978
0.093208
0.090005
0.087145
0.084432
0.081768
0.079112
0.076432
0.073713
0.071015
0.068504
0.066350
0.064596
0.063138
0.061833
0.060588
0.059357
0.058092
0.056728
0.055232
0.053642
0.052045
0.050519
0.049083
0.047697
0.046418
0.045301
0.044121
0.042898
0.041662
0.040435
0.039231
0.038058
0.036931
0.035872
0.034904
0.034037
0.033261
0.032543
0.031834
0.031084
0.030253
0.029321
0.028299
0.027218
0.026129
0.025089
0.024152
0.023358
0.022728
0.022263
0.021941
0.021727
0.021581
0.021457
0.021319
0.021141
0.020910
0.020625
