0.245351
0.253019
0.278137
0.289015
0.439866
0.581069
0.728546
0.441874
0.413017
0.493871
0.464138
0.581666
0.854421
1.004255
1.009564
1.010445
0.741092
0.722216
0.625986
0.777470
0.890022
0.804729
0.678818
0.697451
0.690549
0.585433
0.444706
0.390469
0.346684
0.274330
0.216990
0.198165
0.193117
0.191488
0.183682
0.182961
0.182753
0.168682
0.151697
0.140656
0.132734
0.132616
0.135449
0.135128
0.131319
0.124542
0.116210
0.108222
0.101708
0.096361
0.093854
0.100954
0.102427
0.101196
0.102775
0.098501
0.090663
0.081839
0.074655
0.074613
0.075773
0.076728
0.079698
0.083049
0.083805
0.081202
0.078369
0.078426
0.075786
0.074431
0.072570
0.070233
0.067384
0.064120
0.060655
0.057107
0.053582
0.050195
0.047649
0.045502
0.043524
0.041749
0.040192
0.039304
0.040409
0.041248
0.041783
0.041951
0.041714
0.041021
0.039855
0.039750
0.041164
0.042166
0.042717
0.042817
0.042490
0.041785
0.040756
0.039499
0.038022
0.036416
0.034680
0.032884
0.031028
0.029124
0.029767
0.030256
0.030182
0.030651
0.032246
0.033282
0.033685
0.033462
0.032675
0.031410
0.029785
0.027994
0.026345
0.025692
0.026122
