0.013163
0.013769
0.014962
0.015103
0.019497
0.024609
0.032156
0.028966
0.021205
0.024100
0.027536
0.028950
0.031843
0.033414
0.040020
0.047765
0.061525
0.064999
0.061131
0.044495
0.038028
0.036188
0.045521
0.049418
0.044390
0.034219
0.027427
0.022613
0.021233
0.020618
0.018961
0.018333
0.017572
0.017816
0.016039
0.013742
0.014359
0.015647
0.015336
0.014057
0.015398
0.016429
0.016275
0.015683
0.015080
0.014590
0.014076
0.013161
0.011708
0.010430
0.010414
0.009743
0.008771
0.008977
0.009743
0.010484
0.011111
0.011727
0.012133
0.012362
0.012527
0.012641
0.012624
0.012412
0.012059
0.011723
0.011577
0.011700
0.012131
0.012674
0.013144
0.013461
0.013630
0.013669
0.013603
0.013411
0.013060
0.012548
0.011936
0.011326
0.010822
0.010506
0.010391
0.010424
0.010514
0.010577
0.010554
0.010410
0.010136
0.009734
0.009242
0.008705
0.008180
0.007713
0.007336
0.007063
0.006888
0.006792
0.006750
0.006739
0.006738
0.006732
0.006709
0.006660
0.006582
0.006471
0.006326
0.006152
0.005954
0.005744
0.005533
0.005336
0.005210
0.005091
0.004991
0.004917
0.004875
0.004870
0.004903
0.004970
0.005068
