0.013161
0.013093
0.013797
0.015143
0.013023
0.013341
0.013957
0.014348
0.016378
0.015594
0.016912
0.026002
0.026896
0.017982
0.021287
0.020239
0.021001
0.023013
0.023563
0.029003
0.030539
0.033108
0.036596
0.034457
0.028022
0.022070
0.019428
0.020474
0.020686
0.022060
0.022853
0.025619
0.025576
0.025704
0.027361
0.028275
0.030240
0.031927
0.032064
0.031119
0.032635
0.034695
0.033676
0.032905
0.034992
0.037140
0.039351
0.041654
0.041823
0.040053
0.039516
0.040522
0.040431
0.038267
0.036277
0.035363
0.034070
0.033374
0.033845
0.033828
0.033359
0.032490
0.031683
0.032311
0.033404
0.034190
0.034250
0.033670
0.032823
0.031977
0.030979
0.031086
0.031069
0.031089
0.031857
0.032439
0.033059
0.033374
0.033333
0.033576
0.033598
0.033410
0.033010
0.032592
0.032299
0.032543
0.033464
0.035450
0.036537
0.036894
0.037319
0.037027
0.036037
0.034361
0.032115
0.029664
0.027449
0.025269
0.023431
0.023420
0.023637
0.023828
0.023777
0.023376
0.022615
0.021564
0.020346
0.019104
0.017983
0.017591
0.017379
0.017147
0.016911
0.016674
0.016661
0.017009
0.017324
0.017544
0.017620
0.017514
0.017207
