0.545027
0.562433
0.719284
1.090904
1.398144
1.728838
1.258547
1.264426
1.039490
1.025203
0.650718
0.666730
0.662131
0.929613
0.671676
0.560865
0.448988
0.312613
0.322172
0.322996
0.267525
0.333166
0.411693
0.496374
0.561647
0.537865
0.444540
0.360005
0.385791
0.398904
0.375435
0.378186
0.403145
0.394439
0.390621
0.410911
0.421384
0.392042
0.369185
0.366861
0.359987
0.345745
0.322773
0.299380
0.279632
0.260253
0.242498
0.226976
0.213498
0.202354
0.191757
0.181797
0.172102
0.170981
0.168948
0.165731
0.161560
0.156449
0.150105
0.142573
0.134132
0.124855
0.115175
0.105475
0.099949
0.094944
0.089923
0.084827
0.079775
0.075369
0.070891
0.066388
0.061905
0.057612
0.053675
0.050193
0.047108
0.044313
0.041720
0.039319
0.037164
0.035315
0.033769
0.032443
0.031199
0.029902
0.028479
0.026940
0.025364
0.023877
0.023762
0.023479
0.023029
0.022446
0.021781
0.021082
0.020382
0.019710
0.019059
0.018665
0.018595
0.018566
0.018573
0.018609
0.018665
0.018731
0.018799
0.018862
0.018918
0.018962
0.018992
0.019005
0.018998
0.018970
0.018916
0.018836
0.018730
0.018597
0.018443
0.018270
0.018086
