0.340087
0.360969
0.575969
0.814262
1.233896
1.255252
0.715439
0.571952
0.635477
0.397373
0.384103
0.395725
0.502781
0.569894
0.513689
0.419695
0.250686
0.228104
0.230760
0.181685
0.179858
0.208313
0.200806
0.188355
0.172001
0.199013
0.220896
0.199425
0.244704
0.283110
0.288201
0.273949
0.242101
0.232565
0.227420
0.238971
0.239120
0.219031
0.184353
0.148227
0.120877
0.112296
0.105046
0.098143
0.092809
0.087078
0.081289
0.076602
0.071635
0.066572
0.061522
0.058663
0.055840
0.053102
0.050414
0.047802
0.045433
0.043262
0.041173
0.039129
0.037150
0.035212
0.033361
0.031553
0.029838
0.028177
0.026609
0.025351
0.024758
0.024166
0.023590
0.023028
0.022472
0.021922
0.021378
0.020842
0.020315
0.019801
0.019305
0.018819
0.018343
0.017879
0.017425
0.016982
0.016550
0.016128
0.015717
0.015316
0.014925
0.014546
0.014177
0.013818
0.013470
0.013624
0.013910
0.014008
0.013849
0.013474
0.012945
0.012333
0.011704
0.011112
0.010594
0.010244
0.009999
0.009762
0.009647
0.009597
0.009568
0.009530
0.009460
0.009336
0.009143
0.008874
0.008526
0.008485
0.008604
0.008877
0.009078
0.009196
0.009229
