0.124210
0.127211
0.135181
0.174905
0.282244
0.559294
0.316501
0.428671
0.466403
0.355977
0.302520
0.256423
0.276265
0.273557
0.248487
0.222110
0.208490
0.218093
0.194085
0.192831
0.198355
0.190409
0.187105
0.177799
0.173631
0.169630
0.165696
0.161879
0.157590
0.154277
0.147829
0.146589
0.132368
0.117660
0.112965
0.109736
0.106603
0.102408
0.096981
0.091207
0.085621
0.080137
0.074686
0.069037
0.063241
0.057588
0.053540
0.050356
0.052761
0.054727
0.052490
0.047285
0.041045
0.037019
0.035518
0.034105
0.032778
0.031611
0.030703
0.030063
0.030638
0.030393
0.029333
0.027531
0.026167
0.025646
0.025167
0.024685
0.024114
0.023485
0.022885
0.023162
0.024193
0.025382
0.026595
0.028039
0.028801
0.028657
0.027498
0.026379
0.026475
0.026181
0.025502
0.025407
0.024970
0.024227
0.023253
0.022121
0.021196
0.021266
0.021135
0.020782
0.020224
0.019518
0.018741
0.017958
0.017213
0.016503
0.015789
0.015049
0.014284
0.013506
0.012748
0.012225
0.012506
0.012689
0.012975
0.013105
0.013111
0.013009
0.012841
0.012650
0.012433
0.012187
0.011885
0.011514
0.011152
0.010964
0.010710
0.010751
0.010773
