1.817358
1.915636
2.080452
3.247436
5.364478
6.079515
5.670626
3.688096
1.852337
1.800850
1.168484
1.235542
1.476347
1.638128
1.683115
1.883954
1.909820
1.817473
1.605155
1.410660
1.229938
1.129032
1.019781
0.896967
0.825204
0.764425
0.705526
0.652424
0.604585
0.556473
0.513461
0.473101
0.435658
0.400757
0.367665
0.336047
0.306323
0.278543
0.263538
0.252823
0.244337
0.236611
0.228106
0.218383
0.208274
0.198181
0.188899
0.179930
0.171307
0.163379
0.158820
0.154378
0.149052
0.143248
0.137028
0.130959
0.124578
0.117867
0.111491
0.106082
0.102596
0.099794
0.097174
0.094313
0.091127
0.087859
0.084821
0.082089
0.079408
0.076397
0.072878
0.069028
0.065269
0.062015
0.059484
0.057672
0.056421
0.055505
0.054697
0.053831
0.052846
0.051800
0.050825
0.050046
0.049505
0.049140
0.048817
0.048392
0.047776
0.046950
0.045961
0.044884
0.043785
0.042706
0.041656
0.040628
0.039605
0.038579
0.037549
0.036523
0.035513
0.034530
0.033582
0.032673
0.031805
0.030979
0.030198
0.029466
0.028789
0.028171
0.027619
0.027137
0.026728
0.026397
0.026130
0.025920
0.025757
0.025629
0.025524
0.025430
0.025335
