0.773691
0.780397
1.116056
1.579180
1.919823
2.647630
2.491032
2.256966
1.810056
1.093729
1.208821
1.527124
1.207408
1.160769
1.277471
1.351172
1.138465
1.065161
1.037027
0.900749
1.026930
1.021073
0.807447
0.674941
0.740616
0.782763
0.698199
0.618791
0.714628
0.647220
0.584252
0.616198
0.637473
0.660702
0.660554
0.776857
0.912390
0.989899
0.986604
0.886488
0.768863
0.674458
0.653213
0.638869
0.592904
0.563831
0.537535
0.517045
0.542008
0.580947
0.606270
0.638858
0.669885
0.688960
0.691700
0.688708
0.683229
0.669106
0.676041
0.673233
0.654908
0.631911
0.610884
0.591767
0.567239
0.594616
0.644229
0.676410
0.684943
0.675337
0.658792
0.649889
0.659196
0.687060
0.723426
0.754513
0.769445
0.761264
0.729409
0.679574
0.620699
0.562596
0.512945
0.476235
0.452990
0.440607
0.436025
0.442274
0.446856
0.445864
0.440337
0.450776
0.461089
0.466804
0.464185
0.453838
0.441914
0.435218
0.424368
0.409299
0.390824
0.370617
0.350309
0.330013
0.310562
0.292582
0.276680
0.263165
0.252269
0.247965
0.245346
0.242712
0.239890
0.236828
0.238055
0.243956
0.248628
0.255007
0.267245
0.276959
0.283365
