0.525669
0.557811
1.574141
1.549215
2.246868
1.318452
0.980074
1.155110
1.055685
0.708797
0.314579
0.403738
0.485922
0.493229
0.423887
0.408786
0.412127
0.331538
0.267599
0.216276
0.181837
0.209848
0.248005
0.218258
0.167113
0.117100
0.121510
0.119000
0.114109
0.096547
0.091406
0.092877
0.103649
0.109738
0.100947
0.089153
0.084863
0.087407
0.083219
0.073140
0.063661
0.059683
0.062994
0.068895
0.070158
0.066974
0.070025
0.073008
0.076292
0.079382
0.079020
0.077401
0.072280
0.064339
0.059475
0.054568
0.053284
0.051555
0.049064
0.046123
0.048562
0.050079
0.050773
0.050826
0.050409
0.049460
0.047781
0.045437
0.044044
0.043301
0.041115
0.037450
0.032727
0.031006
0.028812
0.027972
0.026944
0.025642
0.024162
0.023401
0.022517
0.022041
0.021981
0.021698
0.021274
0.020855
0.020555
0.020387
0.020241
0.019938
0.019311
0.018466
0.017263
0.015797
0.014266
0.012863
0.013422
0.013711
0.013747
0.013623
0.013417
0.013173
0.012910
0.012641
0.012384
0.012163
0.011992
0.011869
0.011759
0.011742
0.011822
0.011964
0.012027
0.012115
0.011977
0.011858
0.011931
0.011875
0.011736
0.011555
0.011362
