0.121557
0.140895
0.258155
0.433746
0.333025
0.462546
0.330858
0.165627
0.169093
0.142700
0.134221
0.093931
0.068099
0.068558
0.055203
0.065882
0.053442
0.043822
0.038312
0.032141
0.025960
0.022641
0.023461
0.021965
0.016329
0.016249
0.014215
0.012963
0.012963
0.012963
0.012963
0.012963
0.012963
0.012963
0.012963
0.012963
0.012963
0.012963
0.012963
0.012963
0.012963
0.012963
0.012963
0.012963
0.012963
0.012963
0.012963
0.012963
0.012963
0.012963
0.012963
0.012963
0.012963
0.012963
0.012963
0.012963
0.012963
0.012963
0.012963
0.012963
0.012963
0.012963
0.012963
0.012963
0.012963
0.012963
0.012963
0.012963
0.012963
0.012963
0.012963
0.012963
0.012963
0.012963
0.012963
0.012963
0.012963
0.012963
0.012963
0.012963
0.012963
0.012963
0.012963
0.012963
0.012963
0.012963
0.012963
0.012963
0.012963
0.012963
0.012963
0.012963
0.012963
0.012963
0.012963
0.012963
0.012963
0.012963
0.012963
0.012963
0.012963
0.012963
0.012963
0.012963
0.012963
0.012963
0.012963
0.012963
0.012963
0.012963
0.012963
0.012963
0.012963
0.012963
0.012963
0.012963
0.012963
0.012963
0.012963
0.012963
0.012963
