2.691081
3.013566
4.309167
9.025918
14.446008
5.114120
5.112177
3.663434
3.437018
3.029450
3.982582
4.717214
3.778162
3.260060
2.199905
2.333993
2.183689
2.352752
2.474691
2.159985
2.033032
1.750940
1.523236
1.377063
1.615636
1.928087
1.796612
1.565660
1.657771
1.808608
1.663254
1.509139
1.359297
1.219363
1.141855
1.144415
1.202772
1.353918
1.541529
1.550944
1.362687
1.161028
1.054991
0.955372
0.862204
0.749273
0.695657
0.713838
0.752580
0.767703
0.739791
0.658198
0.557083
0.481744
0.446451
0.437005
0.428525
0.416193
0.392497
0.371994
0.354641
0.351199
0.360715
0.367224
0.394162
0.400920
0.390205
0.370513
0.351756
0.341134
0.348086
0.344222
0.357063
0.373135
0.380845
0.394852
0.424850
0.442972
0.446983
0.437678
0.422021
0.402889
0.377209
0.354899
0.375160
0.383282
0.385493
0.386079
0.379802
0.368201
0.354518
0.340934
0.331159
0.320174
0.328140
0.341239
0.351764
0.360762
0.368565
0.371030
0.368045
0.360167
0.348450
0.334331
0.319353
0.316788
0.320183
0.322576
0.323521
0.324843
0.325517
0.326697
0.329388
0.332771
0.336708
0.338712
0.338641
0.334533
0.327048
0.318806
0.330453
