2.069533
2.081232
2.232813
2.636079
2.691017
3.638597
3.887741
4.049537
5.081209
7.330259
9.179272
7.020567
7.211520
7.511232
5.050673
4.398457
4.623362
4.911661
3.335793
2.718785
2.192918
2.551627
2.216371
1.972904
1.969547
1.849682
1.710675
1.448069
1.371602
1.487862
1.736782
2.066759
2.110854
1.797181
1.688398
1.645379
1.626871
1.828331
1.901860
1.664956
1.637757
1.531071
1.388781
1.346659
1.291768
1.253088
1.264190
1.267452
1.232060
1.136266
1.057098
1.130353
1.220081
1.265925
1.280504
1.261385
1.181411
1.034015
0.883548
0.892282
0.860309
0.790238
0.755722
0.754178
0.722063
0.671646
0.680109
0.671712
0.651407
0.623778
0.603636
0.589352
0.573111
0.553365
0.529348
0.501532
0.471591
0.440752
0.440572
0.451287
0.472152
0.498917
0.525208
0.545048
0.553699
0.549402
0.532969
0.507715
0.484400
0.498662
0.506009
0.503966
0.497979
0.489379
0.478846
0.470757
0.467708
0.469142
0.470847
0.468478
0.459755
0.442734
0.418336
0.389922
0.365147
0.347521
0.344441
0.348967
0.357729
0.363681
0.366380
0.368123
0.378403
0.395202
0.416202
0.429531
0.432296
0.426864
0.438230
0.444297
0.446741
