1.312672
1.421327
2.033675
2.072320
3.489787
3.160588
3.527169
5.567250
3.366045
3.708447
5.657780
6.059184
7.246659
5.509360
4.740263
4.425978
4.222234
3.493183
3.893983
3.264228
2.214047
2.160028
2.167073
1.784209
1.436293
1.346914
1.419092
1.441243
1.504229
1.539114
1.388681
1.388298
1.427822
1.617866
1.631334
1.533458
1.476886
1.390712
1.445617
1.501716
1.382073
1.199678
1.043099
0.985487
0.909999
0.903403
0.864368
0.951505
1.048339
1.104456
1.103072
1.045989
0.960525
0.869647
0.783139
0.702661
0.667067
0.632315
0.671463
0.729992
0.791393
0.855301
0.911881
1.005011
1.075264
1.096710
1.063350
0.985507
0.885910
0.788116
0.704329
0.639076
0.596867
0.568638
0.545212
0.521621
0.499195
0.482283
0.473122
0.469941
0.466750
0.459920
0.450115
0.440373
0.434590
0.440102
0.443075
0.439461
0.426097
0.412837
0.426634
0.434168
0.434731
0.428250
0.415229
0.396617
0.373693
0.353033
0.369517
0.392281
0.411782
0.425796
0.432931
0.433066
0.427247
0.416635
0.403295
0.385214
0.396216
0.408543
0.422617
0.437833
0.454103
0.469519
0.482689
0.491320
0.494602
0.492956
0.487428
0.477265
0.463737
