0.613405
0.619293
0.666717
1.110851
1.782925
3.340002
1.884858
1.620449
1.292522
1.252982
1.574388
1.756020
1.585501
1.188325
1.168183
1.158290
1.071083
0.993155
1.011750
0.855160
0.699738
0.729364
0.635941
0.661274
0.712874
0.633383
0.584215
0.579667
0.678199
0.762606
0.769759
0.703076
0.641762
0.619492
0.608542
0.564184
0.529090
0.496342
0.493023
0.463784
0.466839
0.538205
0.580584
0.581294
0.554688
0.529251
0.509381
0.481975
0.473317
0.518953
0.536787
0.534215
0.527674
0.509150
0.507365
0.553664
0.580372
0.575131
0.543692
0.491309
0.435580
0.407322
0.410137
0.411635
0.403776
0.389013
0.368449
0.355205
0.373167
0.382567
0.382496
0.372595
0.356609
0.384364
0.403202
0.410990
0.407312
0.394702
0.384023
0.399564
0.412730
0.413445
0.412206
0.410426
0.397667
0.375812
0.349808
0.324606
0.307894
0.295838
0.288109
0.283482
0.278879
0.271102
0.259565
0.254449
0.248298
0.250115
0.247414
0.240418
0.229349
0.213788
0.206438
0.201838
0.198568
0.193088
0.185497
0.176063
0.165338
0.157983
0.165166
0.171738
0.175902
0.177791
0.176690
0.172316
0.165210
0.156128
0.145913
0.135716
0.128629
