0.647285
0.674332
0.726994
1.029122
1.565530
2.666935
2.458100
2.598802
1.778271
1.093883
1.130422
1.217363
1.379934
1.204528
0.883394
0.675237
0.513514
0.391424
0.373176
0.374929
0.383861
0.316333
0.266437
0.283066
0.332134
0.361222
0.363869
0.372972
0.356430
0.338907
0.327769
0.317502
0.299083
0.295144
0.287212
0.278635
0.268534
0.258214
0.246426
0.233457
0.221182
0.208272
0.194623
0.180881
0.167830
0.155408
0.145349
0.140131
0.134521
0.128346
0.121932
0.115414
0.108950
0.102376
0.095784
0.089467
0.083612
0.078281
0.073394
0.068828
0.065601
0.063100
0.061107
0.059614
0.058095
0.056763
0.055676
0.054916
0.054150
0.053319
0.052464
0.051677
0.050961
0.050237
0.049394
0.048352
0.047104
0.045725
0.044309
0.042846
0.041305
0.039630
0.037809
0.035897
0.033992
0.032182
0.030512
0.028983
0.027579
0.026296
0.025147
0.024145
0.023285
0.022531
0.021830
0.021129
0.020397
0.019638
0.018882
0.018172
0.017547
0.017025
0.016926
0.016881
0.016813
0.017411
0.017936
0.018279
0.018439
0.018419
0.018292
0.018261
0.018361
0.018328
0.018105
0.017720
0.017180
0.016532
0.015804
0.015202
0.015091
