0.821655
0.843731
0.993725
1.368381
1.715781
1.822038
2.003880
2.208444
1.951041
2.242405
2.180763
2.224446
1.894146
1.832931
1.514326
1.774361
2.030018
2.423137
2.673148
2.518824
2.168903
1.959267
1.660111
1.418529
1.099577
1.109712
1.197568
1.268974
1.185037
1.119995
1.151409
1.198736
1.236635
1.186315
1.026097
0.968736
1.030845
1.019454
0.973980
0.962506
0.952478
0.958469
1.104145
1.202897
1.251940
1.289794
1.244698
1.139351
1.050962
0.974553
0.902084
0.874679
0.833828
0.800587
0.760716
0.702320
0.643576
0.679959
0.687059
0.657441
0.652477
0.698537
0.737086
0.756017
0.754589
0.723373
0.663907
0.592895
0.565336
0.528752
0.487470
0.459242
0.478235
0.478767
0.457721
0.422128
0.391657
0.376143
0.363069
0.353245
0.346061
0.341537
0.337982
0.331890
0.322438
0.312965
0.307605
0.313263
0.314259
0.308556
0.294693
0.286517
0.288371
0.287417
0.283392
0.275503
0.262336
0.260729
0.264475
0.264786
0.274469
0.282123
0.286853
0.289656
0.291248
0.292259
0.292866
0.292323
0.290609
0.292477
0.294732
0.302247
0.313124
0.321493
0.328481
0.334060
0.338052
0.339373
0.337598
0.332987
0.328307
