0.008144
0.008169
0.008176
0.008568
0.008873
0.008955
0.009628
0.009544
0.012252
0.012157
0.011046
0.012085
0.012766
0.012563
0.011748
0.012111
0.012048
0.011235
0.010476
0.011405
0.012100
0.012605
0.013468
0.013146
0.012851
0.014032
0.013222
0.014042
0.015328
0.014853
0.014140
0.015149
0.015382
0.015675
0.017348
0.018163
0.017395
0.016567
0.015651
0.015552
0.015933
0.016376
0.017122
0.017948
0.018112
0.017251
0.015937
0.016135
0.015782
0.016108
0.017044
0.017663
0.018460
0.018845
0.018931
0.018821
0.018502
0.017975
0.017965
0.017954
0.017454
0.016949
0.016530
0.016089
0.015547
0.015127
0.017007
0.018892
0.020307
0.021059
0.021241
0.021521
0.021913
0.022245
0.022496
0.022553
0.022319
0.021767
0.020945
0.019961
0.018961
0.018129
0.017629
0.017582
0.018011
0.018834
0.019895
0.021018
0.022047
0.022848
0.023322
0.023429
0.023174
0.022585
0.021700
0.020600
0.019372
0.018097
0.017163
0.016451
0.015798
0.015241
0.014791
0.014440
0.014163
0.013928
0.013707
0.013479
0.013231
0.012963
0.012679
0.012395
0.012125
0.011884
0.011686
0.011534
0.011430
0.011364
0.011325
0.011298
0.011266
