0.013850
0.013900
0.013881
0.014426
0.015134
0.016508
0.018464
0.019939
0.022815
0.027306
0.027858
0.035509
0.036494
0.029792
0.028599
0.035952
0.037619
0.034334
0.031321
0.036747
0.037860
0.037670
0.037798
0.034623
0.033154
0.031751
0.030390
0.036657
0.035389
0.027654
0.029794
0.029630
0.029456
0.027729
0.027147
0.028975
0.029000
0.030392
0.031542
0.030883
0.031076
0.030248
0.030527
0.031522
0.032402
0.033611
0.034918
0.037298
0.037434
0.038228
0.037616
0.036087
0.033458
0.031133
0.029926
0.029588
0.029397
0.029376
0.029971
0.031861
0.033812
0.034573
0.034302
0.033272
0.033609
0.033184
0.032711
0.032570
0.033006
0.034223
0.034720
0.033153
0.031945
0.035519
0.037974
0.039290
0.039818
0.039789
0.039274
0.038265
0.036852
0.035266
0.033961
0.033717
0.034247
0.035384
0.037833
0.039902
0.041108
0.041319
0.040650
0.039369
0.037755
0.036437
0.034758
0.032833
0.030917
0.029295
0.028109
0.027308
0.026745
0.026324
0.026074
0.026062
0.026266
0.026544
0.026700
0.026588
0.026225
0.026669
0.026895
0.026957
0.026891
0.026683
0.026280
0.025599
0.025006
0.024762
0.024178
0.023778
0.024089
