0.007579
0.007593
0.007658
0.007636
0.007778
0.007737
0.007863
0.008026
0.008016
0.008163
0.007978
0.008106
0.008157
0.008791
0.008572
0.008589
0.009923
0.010736
0.010886
0.011089
0.011146
0.011851
0.012990
0.014480
0.016005
0.016474
0.015173
0.015279
0.015070
0.015062
0.018507
0.021456
0.021847
0.021634
0.022067
0.021742
0.020057
0.017258
0.017285
0.020073
0.022111
0.021898
0.021144
0.021042
0.021833
0.022703
0.022813
0.021744
0.019963
0.018139
0.017077
0.016998
0.017364
0.017789
0.018177
0.018360
0.017970
0.016910
0.015794
0.015173
0.014629
0.014111
0.014543
0.014855
0.014624
0.014862
0.015717
0.016368
0.016718
0.016932
0.017219
0.017586
0.018431
0.020013
0.021511
0.022836
0.023842
0.024238
0.024069
0.023980
0.023687
0.023136
0.022314
0.021245
0.020022
0.018772
0.017639
0.016753
0.016220
0.016081
0.016299
0.016777
0.017394
0.018042
0.018639
0.019130
0.019481
0.019673
0.019693
0.019542
0.019224
0.018749
0.018137
0.017411
0.016630
0.015918
0.015139
0.014337
0.014375
0.015160
0.015778
0.016259
0.016623
0.016877
0.017014
0.017013
0.016853
0.016518
0.016002
0.015312
0.014474
