1.941208
1.944122
1.925144
2.489277
2.171729
2.897584
3.148676
3.302819
3.181814
4.039102
4.539521
4.609324
4.580776
4.687202
4.609693
4.585755
4.411392
4.145165
3.984593
3.733700
3.454384
3.152469
2.846432
2.587555
2.321934
2.067986
1.837421
1.638679
1.464825
1.349181
1.242860
1.148352
1.060638
0.981344
0.911490
0.851548
0.798348
0.749558
0.703577
0.660033
0.619446
0.581812
0.547024
0.514657
0.485278
0.459560
0.437010
0.417688
0.401099
0.385796
0.371542
0.358230
0.344962
0.331112
0.316580
0.301772
0.287442
0.273815
0.260535
0.248013
0.240725
0.232136
0.222653
0.212974
0.202867
0.192451
0.181908
0.171566
0.164939
0.160248
0.155430
0.150733
0.146279
0.142069
0.138031
0.134088
0.130177
0.126315
0.122584
0.119078
0.115870
0.112935
0.110189
0.107528
0.104866
0.102156
0.099404
0.096653
0.093979
0.091471
0.089215
0.087278
0.085686
0.084420
0.083410
0.082555
0.081747
0.080893
0.079935
0.078862
0.077699
0.076494
0.075300
0.074156
0.073079
0.072058
0.071066
0.070065
0.069019
0.067905
0.066719
0.065472
0.064191
0.062910
0.061664
0.060480
0.059374
0.058349
0.057395
0.056493
0.055618
