0.572303
0.640745
0.983620
1.085857
1.848992
1.453563
1.638692
0.895065
0.897216
0.750753
0.667122
0.912167
1.059134
0.784717
0.677403
0.496576
0.368447
0.353395
0.369958
0.290855
0.257358
0.289162
0.319821
0.313001
0.295373
0.283290
0.263215
0.281334
0.283902
0.274997
0.267171
0.261077
0.246706
0.239049
0.230554
0.213469
0.192621
0.175018
0.163981
0.156646
0.158302
0.156525
0.148958
0.143749
0.136087
0.125832
0.117003
0.105709
0.096787
0.093517
0.088032
0.085394
0.079320
0.073208
0.067127
0.059422
0.056709
0.054397
0.052001
0.048934
0.045449
0.041771
0.038357
0.035676
0.033787
0.032498
0.031701
0.031336
0.031239
0.031226
0.031241
0.031321
0.031476
0.031670
0.031867
0.032017
0.032005
0.032949
0.033719
0.034149
0.034254
0.034164
0.034027
0.033916
0.033812
0.033639
0.033326
0.032835
0.032161
0.031313
0.030305
0.029156
0.027899
0.026596
0.025450
0.024436
0.023522
0.022736
0.022117
0.021600
0.021096
0.021071
0.020956
0.020715
0.020345
0.019871
0.019342
0.018807
0.018311
0.017883
0.017602
0.017396
0.017257
0.017166
0.017099
0.017034
0.016953
0.016846
0.016709
0.016544
0.016477
