0.085816
0.087109
0.095884
0.108783
0.107556
0.164790
0.181616
0.172081
0.197472
0.211383
0.218598
0.215537
0.223207
0.196842
0.231667
0.223515
0.262031
0.259308
0.201518
0.193587
0.200606
0.204270
0.148025
0.154983
0.180835
0.168950
0.161115
0.148752
0.132742
0.136582
0.134600
0.127404
0.117487
0.118645
0.127205
0.132764
0.126010
0.107189
0.104208
0.114128
0.119725
0.122957
0.124971
0.125132
0.123531
0.122116
0.127361
0.128465
0.123508
0.116897
0.112288
0.109109
0.105704
0.116648
0.120966
0.115757
0.102547
0.097777
0.092207
0.086858
0.080456
0.073573
0.066544
0.059689
0.053532
0.048392
0.043946
0.041127
0.042509
0.042955
0.041833
0.039565
0.037589
0.038143
0.038345
0.038056
0.040637
0.043880
0.046706
0.048569
0.049379
0.049103
0.048322
0.047567
0.047082
0.046728
0.046151
0.046203
0.046870
0.046316
0.045077
0.043730
0.042661
0.041950
0.041484
0.041287
0.040904
0.040150
0.039541
0.039072
0.039095
0.038774
0.039084
0.038924
0.038662
0.037959
0.036850
0.035375
0.034232
0.033169
0.032174
0.031113
0.029825
0.028198
0.028264
0.028226
0.027867
0.027183
0.026237
0.025119
0.024522
