0.165475
0.170649
0.259491
0.265470
0.424991
0.436405
0.598416
0.363221
0.394933
0.313046
0.254642
0.302866
0.328093
0.290430
0.316041
0.263407
0.351294
0.338568
0.337123
0.305002
0.230185
0.164740
0.173453
0.173614
0.159845
0.135500
0.133771
0.163548
0.183635
0.198791
0.204427
0.197266
0.179972
0.152182
0.124999
0.104113
0.084526
0.076140
0.074194
0.073278
0.067324
0.061158
0.066561
0.068696
0.066768
0.078823
0.087031
0.089646
0.091329
0.096466
0.104387
0.111178
0.114737
0.114904
0.112663
0.109707
0.106661
0.103127
0.098640
0.092716
0.088735
0.084587
0.078154
0.070285
0.065392
0.060343
0.055368
0.050766
0.047025
0.044724
0.042530
0.040490
0.038551
0.036555
0.034318
0.034870
0.034539
0.034180
0.034076
0.033964
0.034116
0.034264
0.033879
0.032502
0.030174
0.027545
0.025545
0.023602
0.022364
0.022923
0.023448
0.023585
0.024303
0.024503
0.024203
0.023430
0.022391
0.021280
0.019963
0.019290
0.019296
0.019070
0.018685
0.018198
0.018319
0.018504
0.018654
0.019374
0.020165
0.020843
0.021348
0.021647
0.021697
0.021584
0.022269
0.022836
0.023253
0.023534
0.023670
0.023662
0.023538
