0.171869
0.180718
0.205845
0.227485
0.334725
0.370130
0.614975
0.558778
0.462025
0.465740
0.541702
0.472187
0.439978
0.423583
0.456363
0.385899
0.381013
0.359011
0.376900
0.340376
0.250881
0.214962
0.251337
0.234599
0.192134
0.164267
0.164996
0.155935
0.176881
0.182345
0.171220
0.176486
0.154264
0.133746
0.137116
0.137825
0.130504
0.131187
0.124433
0.113860
0.109492
0.107289
0.099071
0.094332
0.094995
0.099514
0.111211
0.125270
0.137874
0.148745
0.152565
0.149412
0.142848
0.133416
0.122926
0.115237
0.109463
0.103876
0.098241
0.092020
0.084980
0.085314
0.084563
0.081986
0.077552
0.071702
0.065069
0.061357
0.060983
0.061220
0.058581
0.054453
0.051477
0.048232
0.045325
0.043207
0.042158
0.042150
0.042849
0.043885
0.045119
0.046528
0.047787
0.048635
0.049137
0.051315
0.053432
0.055181
0.056614
0.057780
0.060357
0.063140
0.065531
0.067389
0.068682
0.069338
0.069448
0.069139
0.068555
0.067795
0.067016
0.066764
0.066618
0.066440
0.066133
0.065677
0.065265
0.064621
0.063704
0.062439
0.061395
0.061649
0.061397
0.060605
0.059391
0.057875
0.056106
0.054113
0.052260
0.049800
0.047299
