4.788762
4.970854
6.198499
7.840212
7.456616
11.597280
13.815381
12.910293
12.281498
13.641285
10.786635
6.433913
5.736660
4.804850
3.811060
3.435748
3.314044
2.963556
2.916038
2.939843
2.905822
2.811695
2.662455
2.483848
2.263346
2.036746
1.862977
1.684235
1.491127
1.301015
1.125299
1.015214
1.013917
0.994251
0.960457
0.913817
0.864413
0.810537
0.791326
0.763603
0.724285
0.673972
0.644096
0.623945
0.603359
0.580014
0.556057
0.530481
0.505378
0.480246
0.462775
0.449654
0.437585
0.425907
0.414108
0.402221
0.390676
0.379713
0.369272
0.359161
0.349180
0.339266
0.329523
0.320061
0.310857
0.301799
0.292799
0.283853
0.275028
0.266413
0.258035
0.249823
0.241642
0.233402
0.225147
0.216862
0.208647
0.200587
0.192758
0.186252
0.181340
0.176558
0.172007
0.167719
0.163698
0.159775
0.155864
0.151928
0.147982
0.144081
0.140283
0.136626
0.133605
0.131447
0.129354
0.127322
0.125344
0.123416
0.121544
0.119737
0.118005
0.116354
0.114781
0.113276
0.111825
0.110416
0.109040
0.107694
0.106381
0.105107
0.103877
0.102688
0.101534
0.100401
0.099268
0.098114
0.096918
0.095666
0.094351
0.092974
0.091549
