0.030151
0.030191
0.030444
0.031879
0.030411
0.033030
0.042567
0.046678
0.042550
0.055499
0.061621
0.072099
0.066642
0.070898
0.071699
0.058191
0.063299
0.075160
0.085776
0.107927
0.102832
0.101278
0.085012
0.067944
0.056157
0.056418
0.058864
0.053340
0.057473
0.059029
0.060563
0.054776
0.054154
0.052465
0.048928
0.045826
0.049461
0.047509
0.042797
0.041250
0.038526
0.038714
0.039188
0.042721
0.045135
0.046601
0.047270
0.046159
0.042960
0.044151
0.046221
0.048528
0.051482
0.052174
0.052365
0.053593
0.055126
0.056586
0.058116
0.062099
0.070869
0.077711
0.081395
0.082079
0.079996
0.075620
0.070669
0.068098
0.070413
0.073040
0.074861
0.074969
0.073585
0.071465
0.069016
0.066394
0.063813
0.061653
0.060189
0.059343
0.058852
0.058443
0.057849
0.056685
0.055685
0.053354
0.049357
0.045225
0.045571
0.045154
0.044070
0.042622
0.041525
0.041743
0.041344
0.041339
0.040517
0.039185
0.037519
0.035540
0.033261
0.032912
0.034180
0.035387
0.036422
0.037130
0.037354
0.038856
0.040621
0.042155
0.043349
0.044100
0.044362
0.044141
0.043505
0.042518
0.041212
0.039584
0.037616
0.035309
0.032705
