4601
0.0	0.0
0.01	0.0
0.02	0.0
0.03	0.0
0.04	0.0
0.05	0.0
0.06	-0.004785261452198029
0.07	-0.004785261452198029
0.08	0.0
0.09	0.004785261452198029
0.1	0.009570522904396058
0.11	0.004785261452198029
0.12	0.0
0.13	0.0
0.14	0.0
0.15	0.0
0.16	0.0
0.17	0.0
0.18	0.0
0.19	0.0
0.2	0.009570522904396058
0.21	0.009570522904396058
0.22	0.0
0.23	0.0
0.24	0.0
0.25	0.0
0.26	0.0
0.27	0.004785261452198029
0.28	0.0
0.29	0.0
0.3	0.0
0.31	0.0
0.32	0.0
0.33	0.004785261452198029
0.34	0.004785261452198029
0.35	0.0
0.36	0.0
0.37	0.0
0.38	0.0
0.39	0.0
0.4	0.004785261452198029
0.41	0.004785261452198029
0.42	0.004785261452198029
0.43	0.0
0.44	0.0
0.45	0.0
0.46	0.004785261452198029
0.47	0.009570522904396058
0.48	0.0
0.49	0.0
0.5	0.0
0.51	0.0
0.52	0.0
0.53	0.004785261452198029
0.54	0.004785261452198029
0.55	0.004785261452198029
0.56	0.004785261452198029
0.57	0.0
0.58	-0.004785261452198029
0.59	-0.004785261452198029
0.6	0.0
0.61	0.009570522904396058
0.62	0.009570522904396058
0.63	0.0
0.64	0.0
0.65	0.0
0.66	0.0
0.67	0.0
0.68	0.0
0.69	0.0
0.7	0.0
0.71	0.0
0.72	0.0
0.73	0.0
0.74	0.0
0.75	-0.004785261452198029
0.76	0.0
0.77	0.0
0.78	0.009570522904396058
0.79	0.009570522904396058
0.8	0.0
0.81	0.0
0.82	0.0
0.83	0.0
0.84	0.0
0.85	0.0
0.86	0.0
0.87	0.0
0.88	0.0
0.89	0.0
0.9	0.0
0.91	0.0
0.92	0.0
0.93	0.004785261452198029
0.94	0.009570522904396058
0.95	0.009570522904396058
0.96	0.0
0.97	0.0
0.98	0.0
0.99	0.0
1.0	0.0
1.01	0.0
1.02	0.0
1.03	0.0
1.04	0.0
1.05	0.0
1.06	0.0
1.07	-0.004785261452198029
1.08	0.0
1.09	0.0
1.1	0.0
1.11	0.0
1.12	0.0
1.13	0.0
1.14	0.0
1.15	0.004785261452198029
1.16	0.009570522904396058
1.17	0.009570522904396058
1.18	0.0
1.19	0.0
1.2	0.0
1.21	0.0
1.22	0.0
1.23	0.004785261452198029
1.24	0.004785261452198029
1.25	0.0
1.26	0.0
1.27	0.0
1.28	0.0
1.29	0.0
1.3	0.0
1.31	0.0
1.32	0.0
1.33	0.0
1.34	0.0
1.35	0.0
1.36	0.0
1.37	0.004785261452198029
1.38	0.009570522904396058
1.39	0.009570522904396058
1.4	0.0
1.41	0.0
1.42	0.0
1.43	0.0
1.44	0.0
1.45	0.0
1.46	0.0
1.47	0.0
1.48	0.0
1.49	0.0
1.5	0.0
1.51	0.0
1.52	0.0
1.53	0.0
1.54	0.0
1.55	0.0
1.56	0.0
1.57	0.0
1.58	0.0
1.59	0.0
1.6	0.0
1.61	0.0
1.62	0.0
1.63	0.0
1.64	0.0
1.65	0.0
1.66	0.0
1.67	0.0
1.68	0.0
1.69	0.0
1.7	0.0
1.71	0.0
1.72	0.0
1.73	0.0
1.74	0.0
1.75	0.004785261452198029
1.76	0.0
1.77	0.0
1.78	0.0
1.79	0.0
1.8	0.0
1.81	0.0
1.82	0.0
1.83	0.0
1.84	0.0
1.85	0.0
1.86	0.004785261452198029
1.87	0.0
1.88	0.0
1.89	0.0
1.9	0.0
1.91	0.0
1.92	0.0
1.93	0.0
1.94	0.0
1.95	0.0
1.96	0.0
1.97	0.0
1.98	0.0
1.99	0.0
2.0	0.0
2.01	0.0
2.02	0.0
2.03	0.0
2.04	0.0
2.05	0.004785261452198029
2.06	0.009570522904396058
2.07	0.009570522904396058
2.08	0.009570522904396058
2.09	0.009570522904396058
2.1	0.004785261452198029
2.11	0.004785261452198029
2.12	0.004785261452198029
2.13	0.004785261452198029
2.14	0.009570522904396058
2.15	0.009570522904396058
2.16	0.01435578465461731
2.17	0.009570522904396058
2.18	0.004785261452198029
2.19	0.004785261452198029
2.2	0.004785261452198029
2.21	0.0
2.22	0.0
2.23	0.0
2.24	0.0
2.25	0.0
2.26	0.0
2.27	0.0
2.28	0.0
2.29	0.009570522904396058
2.3	0.009570522904396058
2.31	0.0
2.32	0.0
2.33	0.0
2.34	0.0
2.35	0.0
2.36	0.0
2.37	0.0
2.38	0.0
2.39	0.0
2.4	0.0
2.41	0.0
2.42	0.0
2.43	0.0
2.44	0.0
2.45	0.0
2.46	0.004785261452198029
2.47	0.004785261452198029
2.48	0.004785261452198029
2.49	0.0
2.5	0.0
2.51	0.0
2.52	0.0
2.53	0.0
2.54	-0.004785261452198029
2.55	-0.004785261452198029
2.56	0.0
2.57	0.0
2.58	0.0
2.59	0.0
2.6	0.0
2.61	0.0
2.62	0.0
2.63	0.004785261452198029
2.64	0.004785261452198029
2.65	0.004785261452198029
2.66	0.0
2.67	0.0
2.68	0.0
2.69	0.0
2.7	0.0
2.71	0.0
2.72	0.0
2.73	0.0
2.74	0.0
2.75	0.0
2.76	0.0
2.77	-0.004785261452198029
2.78	0.0
2.79	0.0
2.8	0.0
2.81	0.0
2.82	0.0
2.83	0.0
2.84	0.0
2.85	0.0
2.86	0.0
2.87	0.009570522904396058
2.88	0.009570522904396058
2.89	0.009570522904396058
2.9	0.004785261452198029
2.91	0.0
2.92	0.0
2.93	0.0
2.94	0.0
2.95	0.004785261452198029
2.96	0.004785261452198029
2.97	0.0
2.98	0.0
2.99	0.0
3.0	0.0
3.01	0.0
3.02	0.004785261452198029
3.03	0.004785261452198029
3.04	0.004785261452198029
3.05	0.0
3.06	0.0
3.07	0.0
3.08	0.0
3.09	0.0
3.1	0.0
3.11	0.0
3.12	-0.009570522904396058
3.13	-0.01435578465461731
3.14	-0.004785261452198029
3.15	0.0
3.16	0.004785261452198029
3.17	0.004785261452198029
3.18	0.004785261452198029
3.19	0.0
3.2	0.0
3.21	0.0
3.22	0.0
3.23	0.0
3.24	0.0
3.25	0.0
3.26	0.0
3.27	0.0
3.28	0.0
3.29	0.0
3.3	0.004785261452198029
3.31	0.01435578465461731
3.32	0.009570522904396058
3.33	0.004785261452198029
3.34	0.0
3.35	0.0
3.36	0.0
3.37	0.0
3.38	0.0
3.39	0.0
3.4	0.0
3.41	0.0
3.42	0.0
3.43	0.0
3.44	0.0
3.45	0.0
3.46	0.0
3.47	-0.009570522904396058
3.48	-0.01435578465461731
3.49	-0.01435578465461731
3.5	0.0
3.51	0.0
3.52	0.004785261452198029
3.53	0.0
3.54	0.0
3.55	0.0
3.56	0.004785261452198029
3.57	0.0
3.58	0.0
3.59	0.0
3.6	0.0
3.61	0.0
3.62	0.0
3.63	0.0
3.64	0.0
3.65	0.0
3.66	0.0
3.67	0.0
3.68	0.0
3.69	0.0
3.7	0.0
3.71	0.0
3.72	0.0
3.73	0.0
3.74	0.0
3.75	0.0
3.76	0.0
3.77	0.009570522904396058
3.78	0.009570522904396058
3.79	0.004785261452198029
3.8	0.004785261452198029
3.81	0.004785261452198029
3.82	0.004785261452198029
3.83	0.0
3.84	0.0
3.85	0.0
3.86	0.0
3.87	0.0
3.88	0.009570522904396058
3.89	0.019141045808792116
3.9	0.019141045808792116
3.91	0.004785261452198029
3.92	0.0
3.93	0.0
3.94	0.0
3.95	0.0
3.96	0.0
3.97	0.0
3.98	0.0
3.99	0.0
4.0	0.0
4.01	0.004785261452198029
4.02	0.0
4.03	0.0
4.04	0.0
4.05	0.0
4.06	0.004785261452198029
4.07	0.01435578465461731
4.08	0.009570522904396058
4.09	0.0
4.1	0.0
4.11	0.0
4.12	0.0
4.13	0.0
4.14	0.004785261452198029
4.15	0.004785261452198029
4.16	0.0
4.17	0.0
4.18	0.0
4.19	0.004785261452198029
4.2	0.004785261452198029
4.21	0.004785261452198029
4.22	0.004785261452198029
4.23	0.0
4.24	0.0
4.25	0.0
4.26	0.0
4.27	-0.004785261452198029
4.28	0.0
4.29	0.0
4.3	0.01435578465461731
4.31	0.019141045808792116
4.32	0.009570522904396058
4.33	0.0
4.34	-0.004785261452198029
4.35	-0.004785261452198029
4.36	0.0
4.37	0.009570522904396058
4.38	0.009570522904396058
4.39	0.0
4.4	0.0
4.41	0.0
4.42	0.0
4.43	-0.009570522904396058
4.44	0.0
4.45	0.0
4.46	0.01435578465461731
4.47	0.01435578465461731
4.48	0.009570522904396058
4.49	0.0
4.5	0.0
4.51	0.0
4.52	0.0
4.53	0.0
4.54	0.004785261452198029
4.55	0.004785261452198029
4.56	0.0
4.57	0.0
4.58	0.0
4.59	0.0
4.6	0.009570522904396058
4.61	0.009570522904396058
4.62	0.01435578465461731
4.63	0.01435578465461731
4.64	0.009570522904396058
4.65	0.009570522904396058
4.66	0.004785261452198029
4.67	0.0
4.68	0.0
4.69	0.0
4.7	0.0
4.71	0.0
4.72	0.0
4.73	0.0
4.74	0.0
4.75	0.004785261452198029
4.76	0.004785261452198029
4.77	0.004785261452198029
4.78	0.0
4.79	0.004785261452198029
4.8	0.009570522904396058
4.81	0.009570522904396058
4.82	0.004785261452198029
4.83	0.0
4.84	0.0
4.85	0.0
4.86	0.0
4.87	0.0
4.88	0.0
4.89	0.0
4.9	0.0
4.91	0.004785261452198029
4.92	0.004785261452198029
4.93	0.004785261452198029
4.94	0.0
4.95	0.0
4.96	0.0
4.97	0.0
4.98	0.0
4.99	0.0
5.0	0.0
5.01	0.004785261452198029
5.02	0.009570522904396058
5.03	0.009570522904396058
5.04	0.004785261452198029
5.05	0.0
5.06	0.0
5.07	0.004785261452198029
5.08	0.004785261452198029
5.09	0.004785261452198029
5.1	0.004785261452198029
5.11	0.004785261452198029
5.12	0.0
5.13	0.0
5.14	0.0
5.15	0.004785261452198029
5.16	0.004785261452198029
5.17	0.0
5.18	0.0
5.19	0.0
5.2	0.0
5.21	0.0
5.22	0.004785261452198029
5.23	0.0
5.24	0.0
5.25	0.0
5.26	0.0
5.27	0.0
5.28	0.0
5.29	0.004785261452198029
5.3	0.004785261452198029
5.31	0.0
5.32	0.0
5.33	0.0
5.34	0.0
5.35	0.009570522904396058
5.36	0.01435578465461731
5.37	0.009570522904396058
5.38	0.004785261452198029
5.39	0.0
5.4	0.0
5.41	0.0
5.42	0.0
5.43	0.0
5.44	0.0
5.45	0.0
5.46	0.0
5.47	0.0
5.48	0.0
5.49	0.0
5.5	0.0
5.51	0.0
5.52	0.0
5.53	0.0
5.54	0.0
5.55	0.0
5.56	-0.004785261452198029
5.57	-0.004785261452198029
5.58	0.0
5.59	0.0
5.6	0.0
5.61	0.009570522904396058
5.62	0.01435578465461731
5.63	0.009570522904396058
5.64	0.0
5.65	0.0
5.66	0.0
5.67	0.0
5.68	0.0
5.69	0.0
5.7	0.0
5.71	0.0
5.72	0.004785261452198029
5.73	0.004785261452198029
5.74	0.0
5.75	0.0
5.76	0.0
5.77	0.0
5.78	0.0
5.79	0.0
5.8	0.0
5.81	0.0
5.82	0.0
5.83	0.0
5.84	0.0
5.85	0.0
5.86	0.0
5.87	0.0
5.88	0.0
5.89	0.0
5.9	0.0
5.91	0.004785261452198029
5.92	0.004785261452198029
5.93	0.004785261452198029
5.94	0.004785261452198029
5.95	0.0
5.96	0.0
5.97	0.0
5.98	0.0
5.99	0.0
6.0	0.0
6.01	0.004785261452198029
6.02	0.0
6.03	0.0
6.04	0.0
6.05	0.0
6.06	0.004785261452198029
6.07	0.004785261452198029
6.08	0.0
6.09	0.0
6.1	0.0
6.11	0.0
6.12	0.0
6.13	0.0
6.14	0.0
6.15	0.0
6.16	0.0
6.17	0.004785261452198029
6.18	0.004785261452198029
6.19	0.0
6.2	0.0
6.21	0.0
6.22	0.0
6.23	0.0
6.24	0.0
6.25	0.0
6.26	0.009570522904396058
6.27	0.004785261452198029
6.28	0.0
6.29	0.0
6.3	0.0
6.31	0.0
6.32	0.0
6.33	0.0
6.34	0.0
6.35	0.0
6.36	0.0
6.37	0.0
6.38	0.004785261452198029
6.39	0.004785261452198029
6.4	0.0
6.41	0.0
6.42	0.0
6.43	0.0
6.44	0.0
6.45	0.0
6.46	0.004785261452198029
6.47	0.004785261452198029
6.48	0.0
6.49	0.0
6.5	0.0
6.51	0.004785261452198029
6.52	0.004785261452198029
6.53	0.0
6.54	0.0
6.55	0.0
6.56	0.0
6.57	0.0
6.58	-0.009570522904396058
6.59	-0.009570522904396058
6.6	0.0
6.61	0.0
6.62	0.004785261452198029
6.63	0.004785261452198029
6.64	0.0
6.65	0.0
6.66	0.0
6.67	0.0
6.68	0.004785261452198029
6.69	0.009570522904396058
6.7	0.004785261452198029
6.71	0.004785261452198029
6.72	0.0
6.73	0.0
6.74	0.0
6.75	0.0
6.76	0.0
6.77	0.0
6.78	0.004785261452198029
6.79	0.0
6.8	0.0
6.81	0.0
6.82	0.0
6.83	0.0
6.84	0.0
6.85	0.0
6.86	0.0
6.87	0.0
6.88	0.0
6.89	0.0
6.9	0.0
6.91	0.0
6.92	0.0
6.93	0.004785261452198029
6.94	0.009570522904396058
6.95	0.004785261452198029
6.96	0.0
6.97	0.0
6.98	0.0
6.99	0.0
7.0	0.0
7.01	0.0
7.02	0.0
7.03	0.0
7.04	0.0
7.05	0.0
7.06	0.0
7.07	0.0
7.08	0.0
7.09	0.0
7.1	0.0
7.11	-0.004785261452198029
7.12	-0.009570522904396058
7.13	-0.009570522904396058
7.14	0.0
7.15	0.0
7.16	0.004785261452198029
7.17	0.004785261452198029
7.18	0.0
7.19	0.0
7.2	0.009570522904396058
7.21	0.009570522904396058
7.22	0.004785261452198029
7.23	0.004785261452198029
7.24	0.0
7.25	0.0
7.26	0.0
7.27	0.0
7.28	0.0
7.29	0.0
7.3	0.0
7.31	0.0
7.32	0.0
7.33	0.0
7.34	0.0
7.35	0.0
7.36	0.0
7.37	0.0
7.38	0.0
7.39	-0.004785261452198029
7.4	0.0
7.41	0.0
7.42	0.0
7.43	0.0
7.44	0.0
7.45	0.0
7.46	0.0
7.47	0.0
7.48	0.0
7.49	0.0
7.5	0.0
7.51	0.0
7.52	-0.004785261452198029
7.53	-0.01435578465461731
7.54	-0.009570522904396058
7.55	0.0
7.56	0.009570522904396058
7.57	0.004785261452198029
7.58	0.0
7.59	0.0
7.6	0.0
7.61	0.0
7.62	0.0
7.63	0.0
7.64	0.0
7.65	0.0
7.66	0.004785261452198029
7.67	0.004785261452198029
7.68	0.0
7.69	0.0
7.7	0.0
7.71	0.0
7.72	0.0
7.73	0.004785261452198029
7.74	0.0
7.75	0.0
7.76	-0.004785261452198029
7.77	-0.009570522904396058
7.78	-0.004785261452198029
7.79	0.0
7.8	0.004785261452198029
7.81	0.004785261452198029
7.82	0.0
7.83	0.0
7.84	0.0
7.85	0.0
7.86	0.0
7.87	0.0
7.88	0.0
7.89	0.004785261452198029
7.9	0.004785261452198029
7.91	0.009570522904396058
7.92	0.01435578465461731
7.93	0.01435578465461731
7.94	0.009570522904396058
7.95	0.0
7.96	0.0
7.97	0.0
7.98	0.0
7.99	0.004785261452198029
8.0	0.004785261452198029
8.01	0.004785261452198029
8.02	0.0
8.03	0.0
8.04	0.0
8.05	0.0
8.06	0.0
8.07	0.0
8.08	0.0
8.09	0.0
8.1	0.0
8.11	0.0
8.12	0.0
8.13	0.0
8.14	0.0
8.15	0.0
8.16	0.0
8.17	0.0
8.18	0.0
8.19	0.0
8.2	0.0
8.21	0.0
8.22	0.004785261452198029
8.23	0.004785261452198029
8.24	0.0
8.25	0.0
8.26	0.0
8.27	0.0
8.28	0.0
8.29	0.0
8.3	0.0
8.31	0.0
8.32	0.0
8.33	0.0
8.34	0.0
8.35	0.004785261452198029
8.36	0.009570522904396058
8.37	0.004785261452198029
8.38	0.004785261452198029
8.39	0.0
8.4	0.004785261452198029
8.41	0.0
8.42	0.0
8.43	0.0
8.44	0.0
8.45	0.0
8.46	0.0
8.47	0.0
8.48	0.0
8.49	0.0
8.5	0.0
8.51	0.0
8.52	0.0
8.53	0.004785261452198029
8.54	0.004785261452198029
8.55	0.004785261452198029
8.56	0.0
8.57	0.004785261452198029
8.58	0.009570522904396058
8.59	0.004785261452198029
8.6	0.0
8.61	0.0
8.62	0.0
8.63	0.0
8.64	0.0
8.65	0.0
8.66	0.0
8.67	0.0
8.68	0.0
8.69	0.004785261452198029
8.7	0.009570522904396058
8.71	0.01435578465461731
8.72	0.01435578465461731
8.73	0.004785261452198029
8.74	0.0
8.75	0.004785261452198029
8.76	0.009570522904396058
8.77	0.009570522904396058
8.78	0.0
8.79	0.0
8.8	0.0
8.81	0.0
8.82	0.0
8.83	0.0
8.84	0.0
8.85	0.004785261452198029
8.86	0.004785261452198029
8.87	0.004785261452198029
8.88	0.0
8.89	0.0
8.9	0.0
8.91	0.0
8.92	0.0
8.93	0.0
8.94	0.0
8.95	0.0
8.96	0.0
8.97	0.0
8.98	0.0
8.99	0.0
9.0	0.0
9.01	0.004785261452198029
9.02	0.0
9.03	0.0
9.04	0.0
9.05	0.0
9.06	0.0
9.07	0.004785261452198029
9.08	0.009570522904396058
9.09	0.009570522904396058
9.1	0.004785261452198029
9.11	0.0
9.12	0.0
9.13	0.0
9.14	0.004785261452198029
9.15	0.0
9.16	0.0
9.17	0.0
9.18	0.0
9.19	0.0
9.2	0.0
9.21	0.0
9.22	0.004785261452198029
9.23	0.004785261452198029
9.24	0.009570522904396058
9.25	0.004785261452198029
9.26	0.004785261452198029
9.27	0.004785261452198029
9.28	0.004785261452198029
9.29	0.004785261452198029
9.3	0.004785261452198029
9.31	0.009570522904396058
9.32	0.009570522904396058
9.33	0.0
9.34	0.0
9.35	0.0
9.36	0.0
9.37	0.0
9.38	0.0
9.39	0.0
9.4	0.0
9.41	0.0
9.42	0.0
9.43	0.0
9.44	0.004785261452198029
9.45	0.004785261452198029
9.46	0.0
9.47	0.004785261452198029
9.48	0.009570522904396058
9.49	0.009570522904396058
9.5	0.009570522904396058
9.51	0.004785261452198029
9.52	0.0
9.53	0.0
9.54	0.0
9.55	0.0
9.56	0.0
9.57	0.0
9.58	0.0
9.59	0.0
9.6	0.0
9.61	0.0
9.62	0.0
9.63	0.0
9.64	0.0
9.65	0.004785261452198029
9.66	0.004785261452198029
9.67	0.0
9.68	0.0
9.69	0.0
9.7	0.0
9.71	0.0
9.72	0.0
9.73	0.0
9.74	0.0
9.75	0.0
9.76	0.0
9.77	0.004785261452198029
9.78	0.0
9.79	0.0
9.8	0.0
9.81	0.0
9.82	0.0
9.83	0.0
9.84	0.004785261452198029
9.85	0.004785261452198029
9.86	0.0
9.87	0.0
9.88	0.0
9.89	0.004785261452198029
9.9	0.004785261452198029
9.91	0.004785261452198029
9.92	0.004785261452198029
9.93	0.009570522904396058
9.94	0.009570522904396058
9.95	0.009570522904396058
9.96	0.004785261452198029
9.97	0.004785261452198029
9.98	0.004785261452198029
9.99	0.009570522904396058
10.0	0.009570522904396058
10.01	0.004785261452198029
10.02	0.0
10.03	0.0
10.04	0.0
10.05	0.0
10.06	0.0
10.07	0.0
10.08	-0.009570522904396058
10.09	-0.009570522904396058
10.1	0.0
10.11	0.0
10.12	0.0
10.13	0.0
10.14	0.0
10.15	0.004785261452198029
10.16	0.004785261452198029
10.17	0.0
10.18	0.0
10.19	0.0
10.2	0.0
10.21	0.0
10.22	0.01435578465461731
10.23	0.01435578465461731
10.24	0.004785261452198029
10.25	0.0
10.26	0.0
10.27	0.0
10.28	0.0
10.29	0.004785261452198029
10.3	0.01435578465461731
10.31	0.019141045808792116
10.32	0.019141045808792116
10.33	0.004785261452198029
10.34	0.0
10.35	0.0
10.36	0.0
10.37	0.0
10.38	0.0
10.39	0.0
10.4	0.0
10.41	-0.004785261452198029
10.42	-0.004785261452198029
10.43	-0.004785261452198029
10.44	-0.004785261452198029
10.45	0.0
10.46	0.0
10.47	0.0
10.48	0.0
10.49	0.0
10.5	0.0
10.51	0.0
10.52	0.0
10.53	0.0
10.54	0.004785261452198029
10.55	0.004785261452198029
10.56	0.0
10.57	0.0
10.58	0.0
10.59	0.0
10.6	0.009570522904396058
10.61	0.009570522904396058
10.62	0.0
10.63	0.0
10.64	0.0
10.65	0.0
10.66	0.0
10.67	0.0
10.68	0.0
10.69	0.0
10.7	0.0
10.71	0.0
10.72	0.0
10.73	0.0
10.74	0.0
10.75	0.0
10.76	0.0
10.77	0.0
10.78	0.0
10.79	0.0
10.8	0.0
10.81	0.0
10.82	0.0
10.83	-0.009570522904396058
10.84	-0.004785261452198029
10.85	0.0
10.86	0.004785261452198029
10.87	0.009570522904396058
10.88	0.009570522904396058
10.89	0.0
10.9	0.0
10.91	0.004785261452198029
10.92	0.0
10.93	0.0
10.94	0.0
10.95	0.0
10.96	0.0
10.97	0.004785261452198029
10.98	0.0
10.99	0.0
11.0	0.0
11.01	0.0
11.02	0.0
11.03	0.0
11.04	0.0
11.05	0.0
11.06	0.0
11.07	0.0
11.08	0.0
11.09	0.004785261452198029
11.1	0.004785261452198029
11.11	0.004785261452198029
11.12	0.009570522904396058
11.13	0.004785261452198029
11.14	0.004785261452198029
11.15	0.004785261452198029
11.16	0.004785261452198029
11.17	0.0
11.18	0.0
11.19	0.0
11.2	0.0
11.21	0.0
11.22	0.004785261452198029
11.23	0.0
11.24	0.0
11.25	0.0
11.26	0.0
11.27	0.0
11.28	0.0
11.29	0.004785261452198029
11.3	0.004785261452198029
11.31	0.0
11.32	0.0
11.33	0.0
11.34	0.0
11.35	0.0
11.36	0.0
11.37	0.0
11.38	0.0
11.39	0.0
11.4	0.0
11.41	0.004785261452198029
11.42	0.004785261452198029
11.43	0.0
11.44	0.0
11.45	0.0
11.46	0.0
11.47	0.0
11.48	0.0
11.49	0.0
11.5	0.0
11.51	0.0
11.52	0.0
11.53	0.0
11.54	0.0
11.55	0.0
11.56	0.0
11.57	0.0
11.58	0.0
11.59	-0.004785261452198029
11.6	0.0
11.61	0.0
11.62	0.0
11.63	0.004785261452198029
11.64	0.0
11.65	0.0
11.66	0.0
11.67	0.0
11.68	0.0
11.69	0.0
11.7	0.0
11.71	0.004785261452198029
11.72	0.004785261452198029
11.73	0.0
11.74	0.0
11.75	0.0
11.76	0.0
11.77	0.0
11.78	0.004785261452198029
11.79	0.0
11.8	0.0
11.81	0.0
11.82	0.0
11.83	0.004785261452198029
11.84	0.004785261452198029
11.85	0.0
11.86	0.0
11.87	0.0
11.88	0.004785261452198029
11.89	0.004785261452198029
11.9	0.0
11.91	0.0
11.92	0.0
11.93	0.0
11.94	0.004785261452198029
11.95	0.009570522904396058
11.96	0.009570522904396058
11.97	0.009570522904396058
11.98	0.004785261452198029
11.99	0.0
12.0	0.0
12.01	0.0
12.02	0.0
12.03	0.0
12.04	0.0
12.05	0.0
12.06	0.004785261452198029
12.07	0.004785261452198029
12.08	0.004785261452198029
12.09	0.0
12.1	0.0
12.11	0.0
12.12	0.0
12.13	0.0
12.14	0.0
12.15	0.004785261452198029
12.16	0.004785261452198029
12.17	0.0
12.18	0.0
12.19	0.0
12.2	0.0
12.21	0.0
12.22	0.0
12.23	0.0
12.24	0.009570522904396058
12.25	0.01435578465461731
12.26	0.009570522904396058
12.27	0.0
12.28	0.0
12.29	0.0
12.3	0.0
12.31	0.0
12.32	0.0
12.33	0.0
12.34	0.0
12.35	0.0
12.36	0.0
12.37	0.004785261452198029
12.38	0.004785261452198029
12.39	0.0
12.4	0.0
12.41	0.0
12.42	0.0
12.43	0.0
12.44	0.0
12.45	0.0
12.46	0.0
12.47	0.0
12.48	0.0
12.49	0.0
12.5	0.0
12.51	0.0
12.52	0.0
12.53	0.0
12.54	0.0
12.55	0.0
12.56	0.0
12.57	0.0
12.58	0.0
12.59	0.0
12.6	0.0
12.61	0.0
12.62	0.0
12.63	0.004785261452198029
12.64	0.004785261452198029
12.65	0.0
12.66	0.0
12.67	0.0
12.68	0.0
12.69	0.0
12.7	0.0
12.71	0.0
12.72	0.0
12.73	0.0
12.74	0.0
12.75	0.0
12.76	0.0
12.77	0.009570522904396058
12.78	0.009570522904396058
12.79	0.004785261452198029
12.8	0.0
12.81	0.0
12.82	0.0
12.83	0.0
12.84	0.0
12.85	0.0
12.86	0.0
12.87	0.0
12.88	0.0
12.89	0.0
12.9	0.0
12.91	0.0
12.92	0.0
12.93	0.0
12.94	0.0
12.95	0.0
12.96	0.0
12.97	0.0
12.98	0.004785261452198029
12.99	0.009570522904396058
13.0	0.009570522904396058
13.01	0.009570522904396058
13.02	0.004785261452198029
13.03	0.004785261452198029
13.04	0.0
13.05	0.0
13.06	0.0
13.07	0.0
13.08	0.0
13.09	0.0
13.1	0.0
13.11	0.004785261452198029
13.12	0.009570522904396058
13.13	0.009570522904396058
13.14	0.0
13.15	-0.004785261452198029
13.16	-0.004785261452198029
13.17	0.0
13.18	0.004785261452198029
13.19	0.009570522904396058
13.2	0.004785261452198029
13.21	0.0
13.22	0.0
13.23	0.0
13.24	0.0
13.25	0.0
13.26	0.0
13.27	0.0
13.28	0.0
13.29	0.0
13.3	0.0
13.31	0.004785261452198029
13.32	0.0
13.33	0.0
13.34	-0.004785261452198029
13.35	0.0
13.36	0.0
13.37	0.0
13.38	0.0
13.39	0.0
13.4	0.0
13.41	0.0
13.42	0.0
13.43	0.009570522904396058
13.44	0.009570522904396058
13.45	0.004785261452198029
13.46	0.0
13.47	0.0
13.48	0.0
13.49	0.0
13.5	0.0
13.51	0.0
13.52	0.0
13.53	0.0
13.54	0.0
13.55	0.0
13.56	0.0
13.57	0.0
13.58	0.0
13.59	0.0
13.6	0.0
13.61	0.0
13.62	0.0
13.63	0.0
13.64	0.004785261452198029
13.65	0.01435578465461731
13.66	0.009570522904396058
13.67	0.0
13.68	0.0
13.69	0.0
13.7	0.0
13.71	0.004785261452198029
13.72	0.004785261452198029
13.73	0.0
13.74	0.0
13.75	0.0
13.76	0.0
13.77	0.0
13.78	0.0
13.79	0.0
13.8	0.0
13.81	0.0
13.82	0.0
13.83	0.0
13.84	0.0
13.85	0.0
13.86	0.0
13.87	0.0
13.88	0.0
13.89	0.0
13.9	0.0
13.91	0.0
13.92	0.0
13.93	0.0
13.94	0.004785261452198029
13.95	0.009570522904396058
13.96	0.01435578465461731
13.97	0.009570522904396058
13.98	0.004785261452198029
13.99	0.0
14.0	0.0
14.01	0.0
14.02	0.0
14.03	0.0
14.04	0.0
14.05	0.0
14.06	0.0
14.07	0.0
14.08	0.0
14.09	0.004785261452198029
14.1	0.009570522904396058
14.11	0.004785261452198029
14.12	0.0
14.13	0.0
14.14	0.0
14.15	0.009570522904396058
14.16	0.01435578465461731
14.17	0.009570522904396058
14.18	0.004785261452198029
14.19	0.0
14.2	0.0
14.21	0.0
14.22	0.0
14.23	0.004785261452198029
14.24	0.009570522904396058
14.25	0.009570522904396058
14.26	0.009570522904396058
14.27	0.004785261452198029
14.28	0.0
14.29	0.0
14.3	0.0
14.31	0.0
14.32	0.0
14.33	0.0
14.34	0.0
14.35	0.0
14.36	0.0
14.37	0.0
14.38	0.0
14.39	0.0
14.4	0.0
14.41	0.0
14.42	0.0
14.43	0.0
14.44	0.009570522904396058
14.45	0.009570522904396058
14.46	0.009570522904396058
14.47	0.004785261452198029
14.48	0.0
14.49	0.0
14.5	0.0
14.51	0.0
14.52	0.0
14.53	0.0
14.54	0.0
14.55	0.0
14.56	0.0
14.57	0.0
14.58	0.0
14.59	0.0
14.6	0.004785261452198029
14.61	0.004785261452198029
14.62	0.009570522904396058
14.63	0.004785261452198029
14.64	0.004785261452198029
14.65	0.0
14.66	0.0
14.67	0.0
14.68	0.0
14.69	0.004785261452198029
14.7	0.004785261452198029
14.71	0.0
14.72	0.0
14.73	0.0
14.74	0.0
14.75	0.0
14.76	0.0
14.77	0.0
14.78	0.0
14.79	0.0
14.8	0.009570522904396058
14.81	0.01435578465461731
14.82	0.009570522904396058
14.83	0.0
14.84	0.0
14.85	0.0
14.86	0.0
14.87	0.0
14.88	0.0
14.89	0.0
14.9	0.0
14.91	0.0
14.92	0.0
14.93	0.0
14.94	0.0
14.95	0.0
14.96	0.0
14.97	0.0
14.98	0.0
14.99	0.0
15.0	0.0
15.01	0.0
15.02	0.0
15.03	0.0
15.04	0.0
15.05	0.0
15.06	0.0
15.07	0.0
15.08	0.0
15.09	0.0
15.1	0.0
15.11	0.0
15.12	0.0
15.13	0.0
15.14	0.004785261452198029
15.15	0.004785261452198029
15.16	0.0
15.17	0.0
15.18	0.0
15.19	0.0
15.2	0.0
15.21	0.0
15.22	0.0
15.23	0.0
15.24	0.0
15.25	0.0
15.26	0.0
15.27	0.0
15.28	0.004785261452198029
15.29	0.004785261452198029
15.3	0.004785261452198029
15.31	0.004785261452198029
15.32	0.004785261452198029
15.33	0.0
15.34	0.0
15.35	0.0
15.36	0.009570522904396058
15.37	0.009570522904396058
15.38	0.0
15.39	0.0
15.4	0.0
15.41	0.004785261452198029
15.42	0.0
15.43	0.0
15.44	-0.004785261452198029
15.45	0.0
15.46	0.0
15.47	0.0
15.48	0.0
15.49	0.0
15.5	0.0
15.51	0.0
15.52	0.0
15.53	0.0
15.54	0.0
15.55	0.004785261452198029
15.56	0.004785261452198029
15.57	0.004785261452198029
15.58	0.004785261452198029
15.59	0.004785261452198029
15.6	0.009570522904396058
15.61	0.004785261452198029
15.62	0.0
15.63	0.0
15.64	0.0
15.65	0.0
15.66	0.004785261452198029
15.67	0.004785261452198029
15.68	0.0
15.69	0.0
15.7	0.0
15.71	0.0
15.72	0.0
15.73	0.0
15.74	0.004785261452198029
15.75	0.0
15.76	0.0
15.77	0.0
15.78	0.0
15.79	0.0
15.8	0.0
15.81	0.009570522904396058
15.82	0.01435578465461731
15.83	0.009570522904396058
15.84	0.004785261452198029
15.85	0.0
15.86	0.0
15.87	0.0
15.88	0.0
15.89	0.0
15.9	0.0
15.91	0.0
15.92	0.0
15.93	0.0
15.94	0.0
15.95	0.0
15.96	0.0
15.97	-0.004785261452198029
15.98	-0.004785261452198029
15.99	-0.004785261452198029
16.0	-0.004785261452198029
16.01	0.0
16.02	0.0
16.03	0.0
16.04	0.0
16.05	0.0
16.06	0.0
16.07	0.0
16.08	0.0
16.09	0.004785261452198029
16.1	0.009570522904396058
16.11	0.009570522904396058
16.12	0.004785261452198029
16.13	0.0
16.14	0.0
16.15	0.0
16.16	0.004785261452198029
16.17	0.01435578465461731
16.18	0.009570522904396058
16.19	0.0
16.2	-0.004785261452198029
16.21	0.0
16.22	0.0
16.23	0.0
16.24	0.0
16.25	0.0
16.26	0.0
16.27	0.0
16.28	0.0
16.29	0.0
16.3	0.0
16.31	0.0
16.32	0.0
16.33	0.004785261452198029
16.34	0.009570522904396058
16.35	0.009570522904396058
16.36	0.009570522904396058
16.37	0.004785261452198029
16.38	0.0
16.39	0.0
16.4	-0.004785261452198029
16.41	-0.004785261452198029
16.42	-0.004785261452198029
16.43	0.0
16.44	0.0
16.45	0.004785261452198029
16.46	0.0
16.47	0.0
16.48	0.0
16.49	0.0
16.5	0.009570522904396058
16.51	0.004785261452198029
16.52	0.0
16.53	0.0
16.54	0.0
16.55	0.004785261452198029
16.56	0.004785261452198029
16.57	0.0
16.58	0.0
16.59	0.0
16.6	0.004785261452198029
16.61	0.009570522904396058
16.62	0.009570522904396058
16.63	0.009570522904396058
16.64	0.004785261452198029
16.65	0.0
16.66	0.0
16.67	0.004785261452198029
16.68	0.009570522904396058
16.69	0.01435578465461731
16.7	0.01435578465461731
16.71	0.004785261452198029
16.72	0.0
16.73	0.0
16.74	0.009570522904396058
16.75	0.01435578465461731
16.76	0.009570522904396058
16.77	0.004785261452198029
16.78	0.0
16.79	0.0
16.8	0.0
16.81	0.0
16.82	0.0
16.83	0.0
16.84	0.0
16.85	0.0
16.86	0.0
16.87	0.0
16.88	0.0
16.89	0.0
16.9	0.004785261452198029
16.91	0.009570522904396058
16.92	0.009570522904396058
16.93	0.0
16.94	0.0
16.95	0.0
16.96	0.0
16.97	0.0
16.98	0.0
16.99	0.0
17.0	0.0
17.01	0.004785261452198029
17.02	0.004785261452198029
17.03	0.0
17.04	0.0
17.05	0.0
17.06	0.004785261452198029
17.07	0.009570522904396058
17.08	0.0
17.09	0.0
17.1	0.0
17.11	0.0
17.12	0.0
17.13	0.0
17.14	0.004785261452198029
17.15	0.004785261452198029
17.16	0.0
17.17	0.0
17.18	0.0
17.19	0.0
17.2	0.0
17.21	0.0
17.22	0.0
17.23	0.0
17.24	0.0
17.25	0.0
17.26	0.0
17.27	0.0
17.28	0.004785261452198029
17.29	0.004785261452198029
17.3	0.0
17.31	0.0
17.32	0.004785261452198029
17.33	0.004785261452198029
17.34	0.0
17.35	0.0
17.36	0.0
17.37	0.0
17.38	0.0
17.39	0.0
17.4	0.0
17.41	0.0
17.42	0.0
17.43	0.0
17.44	0.004785261452198029
17.45	0.0
17.46	0.0
17.47	0.0
17.48	0.0
17.49	0.0
17.5	0.0
17.51	0.0
17.52	0.0
17.53	0.0
17.54	0.0
17.55	0.0
17.56	0.0
17.57	0.0
17.58	0.0
17.59	0.0
17.6	0.009570522904396058
17.61	0.01435578465461731
17.62	0.004785261452198029
17.63	0.0
17.64	0.0
17.65	0.0
17.66	0.004785261452198029
17.67	0.0
17.68	0.0
17.69	0.0
17.7	0.0
17.71	0.0
17.72	0.0
17.73	0.0
17.74	-0.009570522904396058
17.75	-0.01435578465461731
17.76	-0.009570522904396058
17.77	-0.004785261452198029
17.78	0.0
17.79	0.0
17.8	0.004785261452198029
17.81	0.0
17.82	0.0
17.83	-0.004785261452198029
17.84	-0.004785261452198029
17.85	0.0
17.86	0.009570522904396058
17.87	0.009570522904396058
17.88	0.004785261452198029
17.89	0.0
17.9	0.0
17.91	0.0
17.92	0.0
17.93	0.0
17.94	0.0
17.95	0.0
17.96	0.0
17.97	0.0
17.98	0.0
17.99	0.0
18.0	0.0
18.01	0.0
18.02	0.0
18.03	0.0
18.04	0.0
18.05	0.0
18.06	0.0
18.07	0.0
18.08	0.0
18.09	0.0
18.1	0.0
18.11	0.0
18.12	0.0
18.13	0.0
18.14	0.0
18.15	0.004785261452198029
18.16	0.009570522904396058
18.17	0.009570522904396058
18.18	0.004785261452198029
18.19	0.0
18.2	0.004785261452198029
18.21	0.009570522904396058
18.22	0.009570522904396058
18.23	0.004785261452198029
18.24	0.0
18.25	0.0
18.26	0.0
18.27	0.0
18.28	0.004785261452198029
18.29	0.004785261452198029
18.3	0.004785261452198029
18.31	0.004785261452198029
18.32	0.009570522904396058
18.33	0.01435578465461731
18.34	0.009570522904396058
18.35	0.004785261452198029
18.36	0.0
18.37	0.0
18.38	0.0
18.39	0.0
18.4	0.0
18.41	0.0
18.42	0.0
18.43	0.0
18.44	0.0
18.45	0.004785261452198029
18.46	0.009570522904396058
18.47	0.004785261452198029
18.48	0.0
18.49	0.0
18.5	0.0
18.51	0.0
18.52	0.0
18.53	0.0
18.54	0.0
18.55	0.0
18.56	0.0
18.57	0.0
18.58	0.0
18.59	0.0
18.6	0.0
18.61	0.0
18.62	0.004785261452198029
18.63	0.0
18.64	0.0
18.65	-0.009570522904396058
18.66	-0.009570522904396058
18.67	0.0
18.68	0.0
18.69	0.009570522904396058
18.7	0.01435578465461731
18.71	0.009570522904396058
18.72	0.004785261452198029
18.73	0.0
18.74	0.0
18.75	0.0
18.76	0.0
18.77	0.0
18.78	0.0
18.79	0.0
18.8	0.004785261452198029
18.81	0.009570522904396058
18.82	0.004785261452198029
18.83	0.0
18.84	0.0
18.85	0.0
18.86	0.0
18.87	0.004785261452198029
18.88	0.0
18.89	0.0
18.9	0.0
18.91	0.0
18.92	0.0
18.93	0.0
18.94	0.0
18.95	0.004785261452198029
18.96	0.0
18.97	0.0
18.98	0.0
18.99	0.0
19.0	0.0
19.01	0.0
19.02	0.004785261452198029
19.03	0.004785261452198029
19.04	0.0
19.05	0.0
19.06	0.0
19.07	0.0
19.08	0.004785261452198029
19.09	0.004785261452198029
19.1	0.0
19.11	0.004785261452198029
19.12	0.004785261452198029
19.13	0.0
19.14	0.0
19.15	0.0
19.16	0.0
19.17	0.0
19.18	0.0
19.19	0.0
19.2	0.004785261452198029
19.21	0.004785261452198029
19.22	0.0
19.23	0.0
19.24	0.004785261452198029
19.25	0.0
19.26	0.0
19.27	0.0
19.28	0.0
19.29	0.0
19.3	0.0
19.31	0.0
19.32	0.0
19.33	0.004785261452198029
19.34	0.004785261452198029
19.35	0.0
19.36	0.0
19.37	0.0
19.38	0.0
19.39	0.0
19.4	0.004785261452198029
19.41	0.01435578465461731
19.42	0.01435578465461731
19.43	0.004785261452198029
19.44	0.0
19.45	0.0
19.46	0.0
19.47	0.0
19.48	0.0
19.49	0.0
19.5	0.0
19.51	0.0
19.52	0.0
19.53	0.0
19.54	0.0
19.55	0.0
19.56	0.0
19.57	0.0
19.58	0.0
19.59	0.0
19.6	0.0
19.61	0.004785261452198029
19.62	0.01435578465461731
19.63	0.01435578465461731
19.64	0.009570522904396058
19.65	0.004785261452198029
19.66	0.0
19.67	0.0
19.68	0.0
19.69	0.0
19.7	0.0
19.71	0.0
19.72	0.0
19.73	0.0
19.74	0.0
19.75	0.0
19.76	0.0
19.77	0.0
19.78	0.0
19.79	0.0
19.8	0.0
19.81	0.0
19.82	0.0
19.83	0.0
19.84	0.0
19.85	0.0
19.86	0.0
19.87	0.0
19.88	0.0
19.89	0.0
19.9	0.0
19.91	0.0
19.92	0.0
19.93	0.0
19.94	0.0
19.95	0.0
19.96	0.0
19.97	0.004785261452198029
19.98	0.004785261452198029
19.99	0.004785261452198029
20.0	0.004785261452198029
20.01	0.0
20.02	0.0
20.03	0.0
20.04	0.0
20.05	0.0
20.06	0.0
20.07	0.004785261452198029
20.08	0.0
20.09	0.0
20.1	0.0
20.11	0.0
20.12	0.0
20.13	0.0
20.14	0.0
20.15	0.0
20.16	0.0
20.17	0.0
20.18	0.0
20.19	0.0
20.2	0.004785261452198029
20.21	0.004785261452198029
20.22	0.004785261452198029
20.23	0.0
20.24	0.0
20.25	0.0
20.26	0.0
20.27	0.0
20.28	0.0
20.29	0.0
20.3	0.004785261452198029
20.31	0.0
20.32	0.0
20.33	0.0
20.34	0.0
20.35	0.0
20.36	0.0
20.37	0.0
20.38	0.0
20.39	0.0
20.4	0.0
20.41	0.0
20.42	0.0
20.43	0.0
20.44	0.0
20.45	0.0
20.46	0.0
20.47	0.0
20.48	0.004785261452198029
20.49	0.009570522904396058
20.5	0.004785261452198029
20.51	0.0
20.52	0.0
20.53	0.0
20.54	0.0
20.55	0.0
20.56	0.0
20.57	0.0
20.58	0.0
20.59	0.0
20.6	0.0
20.61	0.0
20.62	0.0
20.63	0.0
20.64	0.0
20.65	0.0
20.66	0.0
20.67	0.0
20.68	0.0
20.69	0.0
20.7	0.0
20.71	0.004785261452198029
20.72	0.004785261452198029
20.73	0.009570522904396058
20.74	0.009570522904396058
20.75	0.01435578465461731
20.76	0.01435578465461731
20.77	0.009570522904396058
20.78	0.004785261452198029
20.79	0.0
20.8	0.0
20.81	0.0
20.82	0.009570522904396058
20.83	0.009570522904396058
20.84	0.004785261452198029
20.85	0.0
20.86	0.0
20.87	0.0
20.88	0.0
20.89	0.0
20.9	0.0
20.91	-0.004785261452198029
20.92	-0.004785261452198029
20.93	0.0
20.94	0.0
20.95	0.0
20.96	0.0
20.97	0.0
20.98	0.0
20.99	0.004785261452198029
21.0	0.0
21.01	0.0
21.02	0.0
21.03	0.009570522904396058
21.04	0.01435578465461731
21.05	0.009570522904396058
21.06	0.004785261452198029
21.07	0.009570522904396058
21.08	0.004785261452198029
21.09	0.0
21.1	0.0
21.11	0.009570522904396058
21.12	0.01435578465461731
21.13	0.01435578465461731
21.14	0.009570522904396058
21.15	0.004785261452198029
21.16	0.0
21.17	0.0
21.18	-0.004785261452198029
21.19	0.0
21.2	0.0
21.21	0.0
21.22	0.004785261452198029
21.23	0.004785261452198029
21.24	0.004785261452198029
21.25	0.004785261452198029
21.26	0.0
21.27	0.0
21.28	0.0
21.29	0.0
21.3	0.0
21.31	0.0
21.32	0.0
21.33	0.0
21.34	0.0
21.35	0.004785261452198029
21.36	0.004785261452198029
21.37	0.0
21.38	0.0
21.39	0.0
21.4	0.004785261452198029
21.41	0.004785261452198029
21.42	0.004785261452198029
21.43	0.0
21.44	0.0
21.45	0.0
21.46	0.004785261452198029
21.47	0.009570522904396058
21.48	0.004785261452198029
21.49	0.004785261452198029
21.5	0.0
21.51	0.0
21.52	0.0
21.53	0.0
21.54	0.0
21.55	0.0
21.56	0.0
21.57	0.0
21.58	0.0
21.59	0.0
21.6	0.0
21.61	0.0
21.62	0.0
21.63	0.0
21.64	0.004785261452198029
21.65	0.004785261452198029
21.66	0.009570522904396058
21.67	0.004785261452198029
21.68	0.004785261452198029
21.69	0.0
21.7	0.0
21.71	-0.009570522904396058
21.72	-0.004785261452198029
21.73	0.0
21.74	0.0
21.75	0.009570522904396058
21.76	0.009570522904396058
21.77	0.0
21.78	0.0
21.79	0.0
21.8	0.019141045808792116
21.81	0.03349683046340943
21.82	0.019141045808792116
21.83	0.0
21.84	-0.019141045808792116
21.85	-0.01435578465461731
21.86	0.0
21.87	0.009570522904396058
21.88	0.01435578465461731
21.89	0.009570522904396058
21.9	0.009570522904396058
21.91	0.019141045808792116
21.92	0.019141045808792116
21.93	0.009570522904396058
21.94	0.0
21.95	0.0
21.96	0.004785261452198029
21.97	0.0
21.98	0.0
21.99	-0.01435578465461731
22.0	-0.03349683046340943
22.01	0.0
22.02	0.02871156930923462
22.03	0.03828209161758423
22.04	0.02871156930923462
22.05	0.023926308155059816
22.06	0.009570522904396058
22.07	0.0
22.08	0.0
22.09	0.009570522904396058
22.1	0.0
22.11	-0.009570522904396058
22.12	-0.03828209161758423
22.13	-0.04785261631011963
22.14	-0.03349683046340943
22.15	-0.009570522904396058
22.16	-0.009570522904396058
22.17	-0.03349683046340943
22.18	-0.04306735038757324
22.19	-0.009570522904396058
22.2	0.023926308155059816
22.21	0.04785261631011963
22.22	0.06699366092681885
22.23	0.10527575492858887
22.24	0.15312836647033692
22.25	0.1387725830078125
22.26	0.052637877464294436
22.27	-0.023926308155059816
22.28	-0.04785261631011963
22.29	-0.004785261452198029
22.3	0.0
22.31	-0.04785261631011963
22.32	-0.1339873218536377
22.33	-0.12920206069946288
22.34	-0.02871156930923462
22.35	0.023926308155059816
22.36	-0.009570522904396058
22.37	-0.07177892208099365
22.38	-0.01435578465461731
22.39	0.12441679954528809
22.4	0.18662519454956056
22.41	0.11006101608276367
22.42	0.01435578465461731
22.43	0.0
22.44	0.0
22.45	0.0
22.46	0.009570522904396058
22.47	0.11963153839111328
22.48	0.23926307678222655
22.49	0.10049049377441406
22.5	-0.21533676147460937
22.51	-0.2536188507080078
22.52	0.12441679954528809
22.53	0.4211030197143555
22.54	0.22969255447387696
22.55	-0.19619571685791015
22.56	-0.43545879364013673
22.57	-0.30625673294067385
22.58	0.03349683046340943
22.59	0.2679746437072754
22.6	0.1339873218536377
22.61	-0.17226940155029297
22.62	-0.22969255447387696
22.63	0.0909199619293213
22.64	0.3541093444824219
22.65	0.16269887924194337
22.66	-0.18662519454956056
22.67	-0.20576623916625977
22.68	0.03349683046340943
22.69	0.1339873218536377
22.7	0.04785261631011963
22.71	0.023926308155059816
22.72	0.11963153839111328
22.73	0.15312836647033692
22.74	0.0
22.75	-0.1818399238586426
22.76	-0.21533676147460937
22.77	-0.11963153839111328
22.78	-0.052637877464294436
22.79	-0.06699366092681885
22.8	-0.08134943962097169
22.81	-0.01435578465461731
22.82	0.08613470077514648
22.83	0.1483431053161621
22.84	0.12920206069946288
22.85	0.07656418323516846
22.86	-0.019141045808792116
22.87	-0.15791362762451172
22.88	-0.1483431053161621
22.89	0.08613470077514648
22.9	0.32539775848388675
22.91	0.2871156883239746
22.92	0.04785261631011963
22.93	-0.10049049377441406
22.94	-0.062208399772644044
22.95	0.05742313861846924
22.96	0.03349683046340943
22.97	-0.224907283782959
22.98	-0.34932407379150393
22.99	-0.07177892208099365
23.0	0.22969255447387696
23.01	0.24883359909057617
23.02	0.11963153839111328
23.03	0.0
23.04	-0.1483431053161621
23.05	-0.18662519454956056
23.06	-0.01435578465461731
23.07	0.12920206069946288
23.08	0.12920206069946288
23.09	0.1435578441619873
23.1	0.224907283782959
23.11	0.19141046524047853
23.12	0.03349683046340943
23.13	-0.07656418323516846
23.14	-0.16748414993286131
23.15	-0.2536188507080078
23.16	-0.20098098754882812
23.17	0.04785261631011963
23.18	0.32539775848388675
23.19	0.3206125259399414
23.2	0.0
23.21	-0.2536188507080078
23.22	-0.19141046524047853
23.23	0.004785261452198029
23.24	0.10049049377441406
23.25	0.08613470077514648
23.26	0.05742313861846924
23.27	0.019141045808792116
23.28	-0.004785261452198029
23.29	0.03828209161758423
23.3	0.16748414993286131
23.31	0.15312836647033692
23.32	-0.08134943962097169
23.33	-0.31582725524902344
23.34	-0.2631893730163574
23.35	0.0
23.36	0.12441679954528809
23.37	0.0
23.38	-0.1387725830078125
23.39	-0.019141045808792116
23.4	0.23447780609130858
23.41	0.31104198455810544
23.42	0.11484627723693848
23.43	-0.04306735038757324
23.44	0.0
23.45	0.07177892208099365
23.46	-0.02871156930923462
23.47	-0.17226940155029297
23.48	-0.10049049377441406
23.49	0.08134943962097169
23.5	0.10527575492858887
23.51	-0.07177892208099365
23.52	-0.272759895324707
23.53	-0.2966862106323242
23.54	-0.17705467224121094
23.55	0.0
23.56	0.20576623916625977
23.57	0.43545879364013673
23.58	0.5215934753417969
23.59	0.35889461517333987
23.6	0.03828209161758423
23.61	-0.15791362762451172
23.62	-0.0909199619293213
23.63	0.12920206069946288
23.64	0.28233041763305666
23.65	0.20576623916625977
23.66	-0.03349683046340943
23.67	-0.3206125259399414
23.68	-0.5359492874145508
23.69	-0.5885871505737305
23.7	-0.41153247833251955
23.71	-0.11484627723693848
23.72	0.05742313861846924
23.73	0.10527575492858887
23.74	0.12441679954528809
23.75	0.10049049377441406
23.76	0.062208399772644044
23.77	0.1387725830078125
23.78	0.2631893730163574
23.79	0.20576623916625977
23.8	0.0
23.81	-0.1339873218536377
23.82	-0.08134943962097169
23.83	0.07656418323516846
23.84	0.25840412139892577
23.85	0.4211030197143555
23.86	0.5311640167236328
23.87	0.5120229721069336
23.88	0.277545166015625
23.89	-0.1435578441619873
23.9	-0.5646608352661133
23.91	-0.7082186889648437
23.92	-0.4833113861083984
23.93	0.0
23.94	0.449814567565918
23.95	0.43545879364013673
23.96	0.009570522904396058
23.97	-0.25840412139892577
23.98	-0.20098098754882812
23.99	-0.1435578441619873
24.0	-0.23447780609130858
24.01	-0.22969255447387696
24.02	0.019141045808792116
24.03	0.34932407379150393
24.04	0.43067352294921873
24.05	0.1483431053161621
24.06	-0.18662519454956056
24.07	-0.15312836647033692
24.08	0.28233041763305666
24.09	0.6603660583496094
24.1	0.6316545104980469
24.11	0.38760616302490236
24.12	0.08134943962097169
24.13	-0.445029296875
24.14	-1.1197511291503905
24.15	-1.3255174255371094
24.16	-0.7943534088134766
24.17	-0.08134943962097169
24.18	0.21533676147460937
24.19	0.09570523262023926
24.2	-0.04306735038757324
24.21	0.04785261631011963
24.22	0.2536188507080078
24.23	0.22969255447387696
24.24	0.08613470077514648
24.25	0.17226940155029297
24.26	0.35889461517333987
24.27	0.2679746437072754
24.28	-0.009570522904396058
24.29	-0.22969255447387696
24.3	-0.2966862106323242
24.31	-0.09570523262023926
24.32	0.22012203216552734
24.33	0.11963153839111328
24.34	-0.5215934753417969
24.35	-0.9714080810546875
24.36	-0.7991386413574219
24.37	-0.4880966567993164
24.38	-0.17226940155029297
24.39	0.4545998382568359
24.4	0.9570523071289062
24.41	0.5503050613403321
24.42	-0.40196197509765624
24.43	-0.9283406829833984
24.44	-0.6938629150390625
24.45	-0.023926308155059816
24.46	0.6603660583496094
24.47	0.9283406829833984
24.48	0.4545998382568359
24.49	-0.34932407379150393
24.5	-0.6651513671875
24.51	-0.25840412139892577
24.52	0.23447780609130858
24.53	0.2679746437072754
24.54	-0.09570523262023926
24.55	-0.3301830291748047
24.56	-0.062208399772644044
24.57	0.35889461517333987
24.58	0.41153247833251955
24.59	0.05742313861846924
24.6	-0.277545166015625
24.61	-0.30147146224975585
24.62	-0.01435578465461731
24.63	0.2966862106323242
24.64	0.3636798477172852
24.65	0.16748414993286131
24.66	-0.04306735038757324
24.67	-0.21055150985717774
24.68	-0.4258882522583008
24.69	-0.6507955169677735
24.7	-0.49288192749023435
24.71	0.17226940155029297
24.72	0.8039239501953125
24.73	0.7369302368164062
24.74	0.052637877464294436
24.75	-0.49288192749023435
24.76	-0.33496829986572263
24.77	0.3732503890991211
24.78	0.8709175872802735
24.79	0.5742313766479492
24.8	-0.18662519454956056
24.81	-0.6842923736572266
24.82	-0.6507955169677735
24.83	-0.3541093444824219
24.84	-0.03828209161758423
24.85	0.10527575492858887
24.86	0.0
24.87	-0.19141046524047853
24.88	-0.272759895324707
24.89	-0.20098098754882812
24.9	0.0
24.91	0.34453880310058593
24.92	0.6507955169677735
24.93	0.6699365997314453
24.94	0.4545998382568359
24.95	0.30147146224975585
24.96	0.34453880310058593
24.97	0.3684651184082031
24.98	0.16748414993286131
24.99	-0.21533676147460937
25.0	-0.5407345199584961
25.01	-0.5981576919555665
25.02	-0.38760616302490236
25.03	-0.05742313861846924
25.04	0.19141046524047853
25.05	0.2679746437072754
25.06	0.21055150985717774
25.07	0.17226940155029297
25.08	0.1339873218536377
25.09	-0.009570522904396058
25.1	-0.22012203216552734
25.11	-0.31104198455810544
25.12	-0.31104198455810544
25.13	-0.3397535705566406
25.14	-0.3636798477172852
25.15	-0.19619571685791015
25.16	0.19141046524047853
25.17	0.4880966567993164
25.18	0.2871156883239746
25.19	-0.272759895324707
25.2	-0.5263787460327148
25.21	-0.04306735038757324
25.22	0.7512860107421875
25.23	1.1867448425292968
25.24	1.0049048614501954
25.25	0.445029296875
25.26	-0.12441679954528809
25.27	-0.49766719818115235
25.28	-0.6507955169677735
25.29	-0.8134944152832031
25.3	-1.1245364379882812
25.31	-1.3685847473144532
25.32	-1.1723890686035157
25.33	-0.49766719818115235
25.34	0.2631893730163574
25.35	0.7752123260498047
25.36	0.9905490875244141
25.37	1.0718985748291017
25.38	1.0288311767578124
25.39	0.7512860107421875
25.4	0.2440483283996582
25.41	-0.28233041763305666
25.42	-0.5933724212646484
25.43	-0.49288192749023435
25.44	-0.023926308155059816
25.45	0.4402440643310547
25.46	0.5072377014160157
25.47	0.1435578441619873
25.48	-0.3636798477172852
25.49	-0.8852733612060547
25.5	-1.2920205688476563
25.51	-1.2345974731445313
25.52	-0.43545879364013673
25.53	0.6842923736572266
25.54	1.2872352600097656
25.55	1.0288311767578124
25.56	0.3732503890991211
25.57	-0.1483431053161621
25.58	-0.43067352294921873
25.59	-0.4785261535644531
25.6	-0.224907283782959
25.61	0.2966862106323242
25.62	0.7799976348876954
25.63	0.7704270935058594
25.64	0.272759895324707
25.65	-0.16748414993286131
25.66	-0.1435578441619873
25.67	0.21533676147460937
25.68	0.4833113861083984
25.69	0.34932407379150393
25.7	-0.10527575492858887
25.71	-0.5885871505737305
25.72	-0.7656418609619141
25.73	-0.5790166473388672
25.74	-0.2966862106323242
25.75	-0.19619571685791015
25.76	-0.28233041763305666
25.77	-0.35889461517333987
25.78	-0.2871156883239746
25.79	-0.052637877464294436
25.8	0.272759895324707
25.81	0.545519790649414
25.82	0.5215934753417969
25.83	0.20576623916625977
25.84	-0.062208399772644044
25.85	-0.02871156930923462
25.86	0.21055150985717774
25.87	0.37803565979003906
25.88	0.34453880310058593
25.89	0.18662519454956056
25.9	0.01435578465461731
25.91	-0.0909199619293213
25.92	-0.17705467224121094
25.93	-0.2679746437072754
25.94	-0.3206125259399414
25.95	-0.272759895324707
25.96	-0.16269887924194337
25.97	-0.11006101608276367
25.98	-0.16748414993286131
25.99	-0.2966862106323242
26.0	-0.4163177490234375
26.01	-0.3971767044067383
26.02	-0.09570523262023926
26.03	0.4211030197143555
26.04	0.8517765045166016
26.05	0.9091996765136718
26.06	0.6986481475830079
26.07	0.4833113861083984
26.08	0.31582725524902344
26.09	0.08613470077514648
26.1	-0.20576623916625977
26.11	-0.4785261535644531
26.12	-0.6077281951904296
26.13	-0.5215934753417969
26.14	-0.272759895324707
26.15	-0.03349683046340943
26.16	0.03828209161758423
26.17	0.0
26.18	-0.019141045808792116
26.19	-0.004785261452198029
26.2	-0.062208399772644044
26.21	-0.16269887924194337
26.22	-0.11006101608276367
26.23	0.11484627723693848
26.24	0.2440483283996582
26.25	0.02871156930923462
26.26	-0.30625673294067385
26.27	-0.3684651184082031
26.28	-0.04306735038757324
26.29	0.40196197509765624
26.3	0.7799976348876954
26.31	1.0144754028320313
26.32	1.0144754028320313
26.33	0.6747218322753906
26.34	0.052637877464294436
26.35	-0.6029429244995117
26.36	-1.0862543487548828
26.37	-1.1915300750732423
26.38	-0.8757028198242187
26.39	-0.29190093994140626
26.4	0.23447780609130858
26.41	0.5407345199584961
26.42	0.6077281951904296
26.43	0.4641703414916992
26.44	0.17226940155029297
26.45	-0.11006101608276367
26.46	-0.22012203216552734
26.47	-0.1339873218536377
26.48	0.0
26.49	0.06699366092681885
26.5	0.04306735038757324
26.51	-0.03828209161758423
26.52	-0.10049049377441406
26.53	0.0
26.54	0.28233041763305666
26.55	0.5694461059570313
26.56	0.6029429244995117
26.57	0.31582725524902344
26.58	-0.10527575492858887
26.59	-0.4545998382568359
26.6	-0.6268692398071289
26.61	-0.6842923736572266
26.62	-0.6747218322753906
26.63	-0.5215934753417969
26.64	-0.16269887924194337
26.65	0.2536188507080078
26.66	0.5215934753417969
26.67	0.55509033203125
26.68	0.4402440643310547
26.69	0.272759895324707
26.7	0.0909199619293213
26.71	-0.04785261631011963
26.72	-0.12920206069946288
26.73	-0.11963153839111328
26.74	0.0
26.75	0.20576623916625977
26.76	0.30625673294067385
26.77	0.17226940155029297
26.78	-0.04785261631011963
26.79	-0.20098098754882812
26.8	-0.23447780609130858
26.81	-0.20098098754882812
26.82	-0.06699366092681885
26.83	0.1339873218536377
26.84	0.20576623916625977
26.85	0.0
26.86	-0.30625673294067385
26.87	-0.3971767044067383
26.88	-0.15791362762451172
26.89	0.22969255447387696
26.9	0.5359492874145508
26.91	0.5694461059570313
26.92	0.32539775848388675
26.93	0.0
26.94	-0.16269887924194337
26.95	-0.09570523262023926
26.96	-0.01435578465461731
26.97	-0.10049049377441406
26.98	-0.2871156883239746
26.99	-0.3923914337158203
27.0	-0.40196197509765624
27.01	-0.3636798477172852
27.02	-0.23926307678222655
27.03	0.019141045808792116
27.04	0.34932407379150393
27.05	0.5311640167236328
27.06	0.4880966567993164
27.07	0.3397535705566406
27.08	0.20576623916625977
27.09	0.11006101608276367
27.1	0.04306735038757324
27.11	0.03828209161758423
27.12	0.09570523262023926
27.13	0.11484627723693848
27.14	0.019141045808792116
27.15	-0.11006101608276367
27.16	-0.1339873218536377
27.17	0.0
27.18	0.17226940155029297
27.19	0.21533676147460937
27.2	0.04785261631011963
27.21	-0.21533676147460937
27.22	-0.41153247833251955
27.23	-0.4402440643310547
27.24	-0.3541093444824219
27.25	-0.23926307678222655
27.26	-0.11006101608276367
27.27	0.03349683046340943
27.28	0.21533676147460937
27.29	0.38282093048095706
27.3	0.449814567565918
27.31	0.34932407379150393
27.32	0.0909199619293213
27.33	-0.16269887924194337
27.34	-0.2631893730163574
27.35	-0.20098098754882812
27.36	-0.1435578441619873
27.37	-0.1387725830078125
27.38	-0.07656418323516846
27.39	0.062208399772644044
27.4	0.21533676147460937
27.41	0.2536188507080078
27.42	0.10527575492858887
27.43	-0.19619571685791015
27.44	-0.46895561218261717
27.45	-0.4880966567993164
27.46	-0.2440483283996582
27.47	0.06699366092681885
27.48	0.2631893730163574
27.49	0.20576623916625977
27.5	-0.009570522904396058
27.51	-0.1483431053161621
27.52	-0.03828209161758423
27.53	0.1818399238586426
27.54	0.2871156883239746
27.55	0.17226940155029297
27.56	-0.04785261631011963
27.57	-0.21533676147460937
27.58	-0.22969255447387696
27.59	-0.12920206069946288
27.6	0.01435578465461731
27.61	0.16748414993286131
27.62	0.21533676147460937
27.63	0.11963153839111328
27.64	-0.004785261452198029
27.65	-0.07177892208099365
27.66	-0.10049049377441406
27.67	-0.1483431053161621
27.68	-0.18662519454956056
27.69	-0.18662519454956056
27.7	-0.1339873218536377
27.71	0.0
27.72	0.19141046524047853
27.73	0.30625673294067385
27.74	0.30625673294067385
27.75	0.3301830291748047
27.76	0.4163177490234375
27.77	0.43067352294921873
27.78	0.2679746437072754
27.79	0.04306735038757324
27.8	-0.04306735038757324
27.81	-0.03349683046340943
27.82	-0.08613470077514648
27.83	-0.272759895324707
27.84	-0.4785261535644531
27.85	-0.5168082427978515
27.86	-0.34932407379150393
27.87	-0.08134943962097169
27.88	0.08134943962097169
27.89	0.0909199619293213
27.9	0.03828209161758423
27.91	0.0909199619293213
27.92	0.2440483283996582
27.93	0.32539775848388675
27.94	0.19141046524047853
27.95	-0.04306735038757324
27.96	-0.17705467224121094
27.97	-0.12441679954528809
27.98	-0.023926308155059816
27.99	-0.04306735038757324
28.0	-0.18662519454956056
28.01	-0.2679746437072754
28.02	-0.1818399238586426
28.03	-0.03828209161758423
28.04	0.0
28.05	-0.02871156930923462
28.06	-0.05742313861846924
28.07	-0.019141045808792116
28.08	0.06699366092681885
28.09	0.1818399238586426
28.1	0.272759895324707
28.11	0.3301830291748047
28.12	0.30625673294067385
28.13	0.17226940155029297
28.14	0.02871156930923462
28.15	-0.02871156930923462
28.16	-0.08134943962097169
28.17	-0.20576623916625977
28.18	-0.31582725524902344
28.19	-0.33496829986572263
28.2	-0.30147146224975585
28.21	-0.277545166015625
28.22	-0.18662519454956056
28.23	0.01435578465461731
28.24	0.277545166015625
28.25	0.445029296875
28.26	0.445029296875
28.27	0.31104198455810544
28.28	0.11963153839111328
28.29	-0.03349683046340943
28.3	-0.1435578441619873
28.31	-0.23447780609130858
28.32	-0.3684651184082031
28.33	-0.4833113861083984
28.34	-0.43067352294921873
28.35	-0.1339873218536377
28.36	0.2536188507080078
28.37	0.5407345199584961
28.38	0.6125134658813477
28.39	0.545519790649414
28.4	0.4545998382568359
28.41	0.35889461517333987
28.42	0.19141046524047853
28.43	-0.04785261631011963
28.44	-0.30625673294067385
28.45	-0.5120229721069336
28.46	-0.655580825805664
28.47	-0.6364397811889648
28.48	-0.37803565979003906
28.49	0.0
28.5	0.31104198455810544
28.51	0.40196197509765624
28.52	0.31582725524902344
28.53	0.21055150985717774
28.54	0.1483431053161621
28.55	0.06699366092681885
28.56	-0.04306735038757324
28.57	-0.10527575492858887
28.58	-0.023926308155059816
28.59	0.09570523262023926
28.6	0.11484627723693848
28.61	0.01435578465461731
28.62	-0.062208399772644044
28.63	-0.08613470077514648
28.64	-0.11006101608276367
28.65	-0.1339873218536377
28.66	-0.12920206069946288
28.67	-0.09570523262023926
28.68	-0.04785261631011963
28.69	0.0
28.7	-0.023926308155059816
28.71	-0.08613470077514648
28.72	-0.02871156930923462
28.73	0.16748414993286131
28.74	0.3541093444824219
28.75	0.3301830291748047
28.76	0.17226940155029297
28.77	0.07656418323516846
28.78	0.052637877464294436
28.79	-0.052637877464294436
28.8	-0.2871156883239746
28.81	-0.38282093048095706
28.82	-0.1818399238586426
28.83	0.1435578441619873
28.84	0.33496829986572263
28.85	0.31104198455810544
28.86	0.17226940155029297
28.87	0.04306735038757324
28.88	0.0
28.89	-0.05742313861846924
28.9	-0.21533676147460937
28.91	-0.38760616302490236
28.92	-0.3923914337158203
28.93	-0.24883359909057617
28.94	-0.0909199619293213
28.95	0.01435578465461731
28.96	0.1483431053161621
28.97	0.30147146224975585
28.98	0.3971767044067383
28.99	0.3732503890991211
29.0	0.22012203216552734
29.01	-0.009570522904396058
29.02	-0.2631893730163574
29.03	-0.37803565979003906
29.04	-0.2679746437072754
29.05	-0.009570522904396058
29.06	0.17226940155029297
29.07	0.12920206069946288
29.08	-0.062208399772644044
29.09	-0.15312836647033692
29.1	-0.01435578465461731
29.11	0.11006101608276367
29.12	0.0
29.13	-0.23926307678222655
29.14	-0.34932407379150393
29.15	-0.18662519454956056
29.16	0.04306735038757324
29.17	0.11484627723693848
29.18	-0.004785261452198029
29.19	-0.1339873218536377
29.2	-0.05742313861846924
29.21	0.1387725830078125
29.22	0.2871156883239746
29.23	0.30625673294067385
29.24	0.2631893730163574
29.25	0.22012203216552734
29.26	0.11006101608276367
29.27	-0.0909199619293213
29.28	-0.2871156883239746
29.29	-0.28233041763305666
29.3	-0.11484627723693848
29.31	0.0
29.32	-0.04785261631011963
29.33	-0.1483431053161621
29.34	-0.08613470077514648
29.35	0.11484627723693848
29.36	0.272759895324707
29.37	0.20098098754882812
29.38	0.0
29.39	-0.12441679954528809
29.4	-0.11006101608276367
29.41	-0.07177892208099365
29.42	-0.06699366092681885
29.43	-0.03828209161758423
29.44	0.03349683046340943
29.45	0.11484627723693848
29.46	0.17226940155029297
29.47	0.21533676147460937
29.48	0.21533676147460937
29.49	0.12920206069946288
29.5	0.01435578465461731
29.51	0.0
29.52	0.03349683046340943
29.53	0.01435578465461731
29.54	-0.08134943962097169
29.55	-0.15791362762451172
29.56	-0.06699366092681885
29.57	0.1387725830078125
29.58	0.34453880310058593
29.59	0.37803565979003906
29.6	0.20576623916625977
29.61	-0.023926308155059816
29.62	-0.1483431053161621
29.63	-0.10527575492858887
29.64	-0.02871156930923462
29.65	-0.06699366092681885
29.66	-0.20576623916625977
29.67	-0.2679746437072754
29.68	-0.1339873218536377
29.69	0.04306735038757324
29.7	0.10049049377441406
29.71	0.03828209161758423
29.72	0.0
29.73	0.004785261452198029
29.74	-0.02871156930923462
29.75	-0.1483431053161621
29.76	-0.22012203216552734
29.77	-0.16269887924194337
29.78	-0.01435578465461731
29.79	0.09570523262023926
29.8	0.12441679954528809
29.81	0.08134943962097169
29.82	0.08134943962097169
29.83	0.16269887924194337
29.84	0.19619571685791015
29.85	0.10049049377441406
29.86	-0.01435578465461731
29.87	-0.06699366092681885
29.88	-0.052637877464294436
29.89	-0.02871156930923462
29.9	0.0
29.91	0.05742313861846924
29.92	0.062208399772644044
29.93	-0.019141045808792116
29.94	-0.15312836647033692
29.95	-0.18662519454956056
29.96	-0.052637877464294436
29.97	0.16748414993286131
29.98	0.31582725524902344
29.99	0.24883359909057617
30.0	0.03349683046340943
30.01	-0.11963153839111328
30.02	-0.12920206069946288
30.03	-0.062208399772644044
30.04	-0.052637877464294436
30.05	-0.11963153839111328
30.06	-0.1435578441619873
30.07	-0.04785261631011963
30.08	0.062208399772644044
30.09	0.08134943962097169
30.1	0.0
30.11	-0.05742313861846924
30.12	0.0
30.13	0.1387725830078125
30.14	0.2631893730163574
30.15	0.277545166015625
30.16	0.18662519454956056
30.17	0.03828209161758423
30.18	-0.06699366092681885
30.19	-0.11006101608276367
30.2	-0.07177892208099365
30.21	-0.004785261452198029
30.22	0.0
30.23	-0.052637877464294436
30.24	-0.15791362762451172
30.25	-0.20098098754882812
30.26	-0.1483431053161621
30.27	-0.07656418323516846
30.28	-0.07177892208099365
30.29	-0.08613470077514648
30.3	-0.02871156930923462
30.31	0.07177892208099365
30.32	0.16748414993286131
30.33	0.1818399238586426
30.34	0.08613470077514648
30.35	-0.02871156930923462
30.36	-0.11006101608276367
30.37	-0.11006101608276367
30.38	-0.07656418323516846
30.39	-0.062208399772644044
30.4	-0.07177892208099365
30.41	-0.04306735038757324
30.42	0.052637877464294436
30.43	0.18662519454956056
30.44	0.21055150985717774
30.45	0.08134943962097169
30.46	-0.04306735038757324
30.47	-0.019141045808792116
30.48	0.10527575492858887
30.49	0.1387725830078125
30.5	0.0
30.51	-0.12441679954528809
30.52	-0.12920206069946288
30.53	-0.07177892208099365
30.54	-0.062208399772644044
30.55	-0.08613470077514648
30.56	-0.07656418323516846
30.57	0.0
30.58	0.08134943962097169
30.59	0.15312836647033692
30.6	0.19619571685791015
30.61	0.21055150985717774
30.62	0.17705467224121094
30.63	0.11963153839111328
30.64	0.07177892208099365
30.65	0.03828209161758423
30.66	-0.009570522904396058
30.67	-0.1339873218536377
30.68	-0.2631893730163574
30.69	-0.2871156883239746
30.7	-0.16748414993286131
30.71	-0.019141045808792116
30.72	0.019141045808792116
30.73	-0.009570522904396058
30.74	-0.03828209161758423
30.75	0.0
30.76	0.06699366092681885
30.77	0.052637877464294436
30.78	0.0
30.79	0.004785261452198029
30.8	0.10049049377441406
30.81	0.15312836647033692
30.82	0.07656418323516846
30.83	-0.03828209161758423
30.84	-0.07656418323516846
30.85	-0.009570522904396058
30.86	0.07177892208099365
30.87	0.10049049377441406
30.88	0.0
30.89	-0.15791362762451172
30.9	-0.2631893730163574
30.91	-0.22969255447387696
30.92	-0.12441679954528809
30.93	-0.062208399772644044
30.94	-0.03349683046340943
30.95	0.004785261452198029
30.96	0.10527575492858887
30.97	0.1818399238586426
30.98	0.1483431053161621
30.99	0.04306735038757324
31.0	-0.004785261452198029
31.01	0.06699366092681885
31.02	0.02871156930923462
31.03	-0.03349683046340943
31.04	-0.009570522904396058
31.05	0.11963153839111328
31.06	0.23926307678222655
31.07	0.2536188507080078
31.08	0.22969255447387696
31.09	0.22012203216552734
31.1	0.17226940155029297
31.11	0.019141045808792116
31.12	-0.17226940155029297
31.13	-0.24883359909057617
31.14	-0.12441679954528809
31.15	0.03828209161758423
31.16	0.06699366092681885
31.17	-0.04785261631011963
31.18	-0.15791362762451172
31.19	-0.1483431053161621
31.2	-0.06699366092681885
31.21	-0.03349683046340943
31.22	-0.04785261631011963
31.23	-0.03349683046340943
31.24	0.0
31.25	0.009570522904396058
31.26	0.02871156930923462
31.27	0.10527575492858887
31.28	0.224907283782959
31.29	0.2631893730163574
31.3	0.17226940155029297
31.31	0.07177892208099365
31.32	0.052637877464294436
31.33	0.04785261631011963
31.34	-0.062208399772644044
31.35	-0.277545166015625
31.36	-0.4163177490234375
31.37	-0.3684651184082031
31.38	-0.21533676147460937
31.39	-0.08613470077514648
31.4	-0.01435578465461731
31.41	0.04306735038757324
31.42	0.1339873218536377
31.43	0.22012203216552734
31.44	0.23447780609130858
31.45	0.16269887924194337
31.46	0.04306735038757324
31.47	-0.05742313861846924
31.48	-0.1339873218536377
31.49	-0.15312836647033692
31.5	-0.0909199619293213
31.51	0.023926308155059816
31.52	0.15791362762451172
31.53	0.224907283782959
31.54	0.21533676147460937
31.55	0.1818399238586426
31.56	0.1818399238586426
31.57	0.19619571685791015
31.58	0.17226940155029297
31.59	0.07656418323516846
31.6	-0.05742313861846924
31.61	-0.19619571685791015
31.62	-0.272759895324707
31.63	-0.2631893730163574
31.64	-0.16748414993286131
31.65	-0.03349683046340943
31.66	0.04785261631011963
31.67	0.07177892208099365
31.68	0.08613470077514648
31.69	0.1339873218536377
31.7	0.19619571685791015
31.71	0.224907283782959
31.72	0.19141046524047853
31.73	0.07177892208099365
31.74	-0.08134943962097169
31.75	-0.18662519454956056
31.76	-0.1483431053161621
31.77	-0.03349683046340943
31.78	0.02871156930923462
31.79	0.062208399772644044
31.8	0.10527575492858887
31.81	0.16269887924194337
31.82	0.17705467224121094
31.83	0.07656418323516846
31.84	-0.08613470077514648
31.85	-0.19619571685791015
31.86	-0.17226940155029297
31.87	-0.15312836647033692
31.88	-0.22969255447387696
31.89	-0.2966862106323242
31.9	-0.17705467224121094
31.91	0.09570523262023926
31.92	0.32539775848388675
31.93	0.34932407379150393
31.94	0.19619571685791015
31.95	0.004785261452198029
31.96	-0.06699366092681885
31.97	-0.02871156930923462
31.98	0.02871156930923462
31.99	0.062208399772644044
32.0	0.04785261631011963
32.01	0.0
32.02	-0.07656418323516846
32.03	-0.1483431053161621
32.04	-0.1435578441619873
32.05	-0.07656418323516846
32.06	-0.023926308155059816
32.07	0.0
32.08	-0.004785261452198029
32.09	-0.004785261452198029
32.1	0.03828209161758423
32.11	0.12441679954528809
32.12	0.12920206069946288
32.13	0.03828209161758423
32.14	-0.01435578465461731
32.15	0.009570522904396058
32.16	0.0909199619293213
32.17	0.10527575492858887
32.18	0.02871156930923462
32.19	-0.062208399772644044
32.2	-0.10049049377441406
32.21	-0.062208399772644044
32.22	-0.01435578465461731
32.23	-0.009570522904396058
32.24	-0.052637877464294436
32.25	-0.07177892208099365
32.26	0.0
32.27	0.1483431053161621
32.28	0.224907283782959
32.29	0.1435578441619873
32.3	-0.02871156930923462
32.31	-0.1818399238586426
32.32	-0.21533676147460937
32.33	-0.1483431053161621
32.34	-0.07656418323516846
32.35	-0.05742313861846924
32.36	-0.04785261631011963
32.37	0.004785261452198029
32.38	0.11006101608276367
32.39	0.1387725830078125
32.4	0.052637877464294436
32.41	-0.062208399772644044
32.42	-0.12920206069946288
32.43	-0.06699366092681885
32.44	0.08134943962097169
32.45	0.23447780609130858
32.46	0.25840412139892577
32.47	0.17226940155029297
32.48	0.08613470077514648
32.49	0.03349683046340943
32.5	-0.05742313861846924
32.51	-0.20576623916625977
32.52	-0.28233041763305666
32.53	-0.2679746437072754
32.54	-0.23926307678222655
32.55	-0.18662519454956056
32.56	-0.04306735038757324
32.57	0.12920206069946288
32.58	0.23926307678222655
32.59	0.224907283782959
32.6	0.1483431053161621
32.61	0.07177892208099365
32.62	0.009570522904396058
32.63	-0.03828209161758423
32.64	-0.0909199619293213
32.65	-0.11963153839111328
32.66	-0.11484627723693848
32.67	-0.03349683046340943
32.68	0.05742313861846924
32.69	0.08134943962097169
32.7	0.023926308155059816
32.71	0.04306735038757324
32.72	0.17705467224121094
32.73	0.2871156883239746
32.74	0.24883359909057617
32.75	0.08134943962097169
32.76	-0.07177892208099365
32.77	-0.1339873218536377
32.78	-0.10527575492858887
32.79	-0.04785261631011963
32.8	-0.009570522904396058
32.81	0.009570522904396058
32.82	0.04785261631011963
32.83	0.07656418323516846
32.84	0.08613470077514648
32.85	0.0909199619293213
32.86	0.07656418323516846
32.87	0.009570522904396058
32.88	-0.10049049377441406
32.89	-0.20098098754882812
32.9	-0.20098098754882812
32.91	-0.11963153839111328
32.92	-0.02871156930923462
32.93	0.02871156930923462
32.94	0.11963153839111328
32.95	0.22969255447387696
32.96	0.31104198455810544
32.97	0.31104198455810544
32.98	0.22969255447387696
32.99	0.10049049377441406
33.0	-0.03349683046340943
33.01	-0.19141046524047853
33.02	-0.32539775848388675
33.03	-0.38282093048095706
33.04	-0.3301830291748047
33.05	-0.1435578441619873
33.06	0.07177892208099365
33.07	0.224907283782959
33.08	0.23926307678222655
33.09	0.1818399238586426
33.1	0.11006101608276367
33.11	0.02871156930923462
33.12	-0.07177892208099365
33.13	-0.21055150985717774
33.14	-0.3206125259399414
33.15	-0.34453880310058593
33.16	-0.2679746437072754
33.17	-0.11963153839111328
33.18	0.04306735038757324
33.19	0.1818399238586426
33.2	0.25840412139892577
33.21	0.28233041763305666
33.22	0.25840412139892577
33.23	0.16748414993286131
33.24	0.02871156930923462
33.25	-0.08134943962097169
33.26	-0.15312836647033692
33.27	-0.16269887924194337
33.28	-0.11963153839111328
33.29	-0.05742313861846924
33.3	0.0
33.31	0.01435578465461731
33.32	0.03349683046340943
33.33	0.052637877464294436
33.34	0.04785261631011963
33.35	0.01435578465461731
33.36	0.0
33.37	0.0
33.38	0.02871156930923462
33.39	0.03349683046340943
33.4	0.019141045808792116
33.41	0.03828209161758423
33.42	0.11006101608276367
33.43	0.19619571685791015
33.44	0.21533676147460937
33.45	0.11963153839111328
33.46	0.0
33.47	-0.08134943962097169
33.48	-0.11963153839111328
33.49	-0.16269887924194337
33.5	-0.22012203216552734
33.51	-0.2679746437072754
33.52	-0.25840412139892577
33.53	-0.18662519454956056
33.54	-0.06699366092681885
33.55	0.07177892208099365
33.56	0.21533676147460937
33.57	0.29190093994140626
33.58	0.2679746437072754
33.59	0.19619571685791015
33.6	0.11006101608276367
33.61	0.0
33.62	-0.09570523262023926
33.63	-0.12441679954528809
33.64	-0.08134943962097169
33.65	-0.04306735038757324
33.66	-0.03349683046340943
33.67	-0.004785261452198029
33.68	0.052637877464294436
33.69	0.1435578441619873
33.7	0.19619571685791015
33.71	0.16748414993286131
33.72	0.08613470077514648
33.73	0.004785261452198029
33.74	-0.03828209161758423
33.75	-0.08134943962097169
33.76	-0.10049049377441406
33.77	-0.06699366092681885
33.78	-0.01435578465461731
33.79	0.0
33.8	0.0
33.81	0.019141045808792116
33.82	0.0909199619293213
33.83	0.15312836647033692
33.84	0.12441679954528809
33.85	0.0
33.86	-0.1435578441619873
33.87	-0.24883359909057617
33.88	-0.277545166015625
33.89	-0.21055150985717774
33.9	-0.07656418323516846
33.91	0.04785261631011963
33.92	0.11484627723693848
33.93	0.10049049377441406
33.94	0.062208399772644044
33.95	0.04306735038757324
33.96	0.02871156930923462
33.97	-0.009570522904396058
33.98	-0.10527575492858887
33.99	-0.17226940155029297
34.0	-0.1387725830078125
34.01	0.06699366092681885
34.02	0.1483431053161621
34.03	0.17226940155029297
34.04	0.16269887924194337
34.05	0.15791362762451172
34.06	0.15791362762451172
34.07	0.11963153839111328
34.08	0.009570522904396058
34.09	-0.10049049377441406
34.1	-0.16269887924194337
34.11	-0.1387725830078125
34.12	-0.08134943962097169
34.13	-0.062208399772644044
34.14	-0.062208399772644044
34.15	-0.03828209161758423
34.16	0.0
34.17	0.019141045808792116
34.18	0.019141045808792116
34.19	0.02871156930923462
34.2	0.052637877464294436
34.21	0.04785261631011963
34.22	0.0
34.23	-0.05742313861846924
34.24	-0.05742313861846924
34.25	0.0
34.26	0.03828209161758423
34.27	0.019141045808792116
34.28	-0.004785261452198029
34.29	0.0
34.3	0.07656418323516846
34.31	0.15312836647033692
34.32	0.17226940155029297
34.33	0.1387725830078125
34.34	0.09570523262023926
34.35	0.04785261631011963
34.36	-0.004785261452198029
34.37	-0.07177892208099365
34.38	-0.12441679954528809
34.39	-0.12441679954528809
34.4	-0.05742313861846924
34.41	0.023926308155059816
34.42	0.08613470077514648
34.43	0.08613470077514648
34.44	0.02871156930923462
34.45	-0.04306735038757324
34.46	-0.0909199619293213
34.47	-0.062208399772644044
34.48	-0.019141045808792116
34.49	-0.02871156930923462
34.5	-0.052637877464294436
34.51	0.0
34.52	0.08134943962097169
34.53	0.11963153839111328
34.54	0.052637877464294436
34.55	-0.052637877464294436
34.56	-0.1339873218536377
34.57	-0.12920206069946288
34.58	-0.04306735038757324
34.59	0.052637877464294436
34.6	0.11006101608276367
34.61	0.09570523262023926
34.62	0.03349683046340943
34.63	0.0
34.64	0.0
34.65	0.01435578465461731
34.66	0.062208399772644044
34.67	0.10527575492858887
34.68	0.12920206069946288
34.69	0.11484627723693848
34.7	0.062208399772644044
34.71	0.004785261452198029
34.72	-0.023926308155059816
34.73	-0.052637877464294436
34.74	-0.07177892208099365
34.75	-0.062208399772644044
34.76	-0.023926308155059816
34.77	-0.004785261452198029
34.78	-0.02871156930923462
34.79	-0.062208399772644044
34.8	-0.05742313861846924
34.81	0.0
34.82	0.06699366092681885
34.83	0.09570523262023926
34.84	0.03828209161758423
34.85	-0.01435578465461731
34.86	-0.03349683046340943
34.87	0.0
34.88	0.023926308155059816
34.89	0.03349683046340943
34.9	0.004785261452198029
34.91	0.0
34.92	0.023926308155059816
34.93	0.03828209161758423
34.94	0.019141045808792116
34.95	0.009570522904396058
34.96	0.0
34.97	-0.03349683046340943
34.98	-0.08613470077514648
34.99	-0.0909199619293213
35.0	-0.062208399772644044
35.01	-0.052637877464294436
35.02	-0.03349683046340943
35.03	0.0
35.04	0.023926308155059816
35.05	0.004785261452198029
35.06	0.0
35.07	0.03349683046340943
35.08	0.09570523262023926
35.09	0.11963153839111328
35.1	0.08613470077514648
35.11	0.052637877464294436
35.12	0.023926308155059816
35.13	-0.01435578465461731
35.14	-0.07177892208099365
35.15	-0.11484627723693848
35.16	-0.15791362762451172
35.17	-0.22012203216552734
35.18	-0.24883359909057617
35.19	-0.1818399238586426
35.2	-0.03828209161758423
35.21	0.10049049377441406
35.22	0.21533676147460937
35.23	0.2871156883239746
35.24	0.30625673294067385
35.25	0.21533676147460937
35.26	0.019141045808792116
35.27	-0.17705467224121094
35.28	-0.272759895324707
35.29	-0.2440483283996582
35.3	-0.15312836647033692
35.31	-0.02871156930923462
35.32	0.10049049377441406
35.33	0.21055150985717774
35.34	0.23926307678222655
35.35	0.20576623916625977
35.36	0.16748414993286131
35.37	0.12441679954528809
35.38	0.062208399772644044
35.39	0.0
35.4	-0.01435578465461731
35.41	0.0
35.42	0.019141045808792116
35.43	0.03828209161758423
35.44	0.0
35.45	-0.0909199619293213
35.46	-0.17226940155029297
35.47	-0.1387725830078125
35.48	-0.03349683046340943
35.49	0.03349683046340943
35.5	0.08134943962097169
35.51	0.11484627723693848
35.52	0.10527575492858887
35.53	0.04785261631011963
35.54	-0.02871156930923462
35.55	-0.0909199619293213
35.56	-0.08134943962097169
35.57	-0.019141045808792116
35.58	0.04306735038757324
35.59	0.10049049377441406
35.6	0.1483431053161621
35.61	0.17705467224121094
35.62	0.16269887924194337
35.63	0.09570523262023926
35.64	0.0
35.65	-0.11006101608276367
35.66	-0.17705467224121094
35.67	-0.17705467224121094
35.68	-0.10527575492858887
35.69	0.0
35.7	0.06699366092681885
35.71	0.0909199619293213
35.72	0.0909199619293213
35.73	0.10527575492858887
35.74	0.12441679954528809
35.75	0.08613470077514648
35.76	0.0
35.77	-0.06699366092681885
35.78	-0.10049049377441406
35.79	-0.11963153839111328
35.8	-0.16748414993286131
35.81	-0.18662519454956056
35.82	-0.12441679954528809
35.83	0.0
35.84	0.07656418323516846
35.85	0.09570523262023926
35.86	0.06699366092681885
35.87	0.019141045808792116
35.88	-0.01435578465461731
35.89	-0.052637877464294436
35.9	-0.062208399772644044
35.91	-0.019141045808792116
35.92	0.02871156930923462
35.93	0.04306735038757324
35.94	-0.004785261452198029
35.95	-0.07177892208099365
35.96	-0.07177892208099365
35.97	0.0
35.98	0.07177892208099365
35.99	0.11484627723693848
36.0	0.10049049377441406
36.01	0.05742313861846924
36.02	0.01435578465461731
36.03	-0.03349683046340943
36.04	-0.08134943962097169
36.05	-0.08134943962097169
36.06	-0.02871156930923462
36.07	0.009570522904396058
36.08	0.03349683046340943
36.09	0.04785261631011963
36.1	0.07177892208099365
36.11	0.11006101608276367
36.12	0.12920206069946288
36.13	0.12920206069946288
36.14	0.11484627723693848
36.15	0.08613470077514648
36.16	0.02871156930923462
36.17	-0.03828209161758423
36.18	-0.09570523262023926
36.19	-0.08134943962097169
36.2	-0.02871156930923462
36.21	0.01435578465461731
36.22	0.052637877464294436
36.23	0.08613470077514648
36.24	0.11484627723693848
36.25	0.09570523262023926
36.26	0.023926308155059816
36.27	-0.05742313861846924
36.28	-0.1339873218536377
36.29	-0.1818399238586426
36.3	-0.22012203216552734
36.31	-0.2440483283996582
36.32	-0.20576623916625977
36.33	-0.06699366092681885
36.34	0.10527575492858887
36.35	0.2679746437072754
36.36	0.3541093444824219
36.37	0.34932407379150393
36.38	0.2440483283996582
36.39	0.062208399772644044
36.4	-0.11963153839111328
36.41	-0.2631893730163574
36.42	-0.32539775848388675
36.43	-0.31104198455810544
36.44	-0.21533676147460937
36.45	-0.052637877464294436
36.46	0.10527575492858887
36.47	0.224907283782959
36.48	0.2536188507080078
36.49	0.19141046524047853
36.5	0.07177892208099365
36.51	-0.052637877464294436
36.52	-0.1435578441619873
36.53	-0.1339873218536377
36.54	-0.023926308155059816
36.55	0.08613470077514648
36.56	0.11963153839111328
36.57	0.04785261631011963
36.58	-0.03828209161758423
36.59	-0.10049049377441406
36.6	-0.11006101608276367
36.61	-0.08613470077514648
36.62	-0.023926308155059816
36.63	0.04785261631011963
36.64	0.0909199619293213
36.65	0.04785261631011963
36.66	-0.023926308155059816
36.67	-0.04306735038757324
36.68	0.01435578465461731
36.69	0.08613470077514648
36.7	0.07177892208099365
36.71	0.01435578465461731
36.72	0.0
36.73	0.02871156930923462
36.74	0.10049049377441406
36.75	0.11006101608276367
36.76	0.04785261631011963
36.77	-0.01435578465461731
36.78	-0.02871156930923462
36.79	-0.004785261452198029
36.8	0.0
36.81	-0.02871156930923462
36.82	-0.06699366092681885
36.83	-0.08613470077514648
36.84	-0.07656418323516846
36.85	-0.04306735038757324
36.86	0.0
36.87	0.03349683046340943
36.88	0.052637877464294436
36.89	0.03349683046340943
36.9	0.0
36.91	-0.04785261631011963
36.92	-0.09570523262023926
36.93	-0.10049049377441406
36.94	-0.04785261631011963
36.95	0.019141045808792116
36.96	0.06699366092681885
36.97	0.07177892208099365
36.98	0.04306735038757324
36.99	0.023926308155059816
37.0	0.009570522904396058
37.01	-0.023926308155059816
37.02	-0.03349683046340943
37.03	-0.01435578465461731
37.04	0.01435578465461731
37.05	0.052637877464294436
37.06	0.08134943962097169
37.07	0.0909199619293213
37.08	0.062208399772644044
37.09	0.0
37.1	-0.07177892208099365
37.11	-0.09570523262023926
37.12	-0.04785261631011963
37.13	0.004785261452198029
37.14	0.03828209161758423
37.15	0.03828209161758423
37.16	0.03349683046340943
37.17	0.04785261631011963
37.18	0.08613470077514648
37.19	0.1387725830078125
37.2	0.15312836647033692
37.21	0.11963153839111328
37.22	0.062208399772644044
37.23	0.02871156930923462
37.24	0.004785261452198029
37.25	-0.03828209161758423
37.26	-0.11484627723693848
37.27	-0.15312836647033692
37.28	-0.11963153839111328
37.29	-0.02871156930923462
37.3	0.05742313861846924
37.31	0.11963153839111328
37.32	0.11006101608276367
37.33	0.04785261631011963
37.34	0.0
37.35	-0.03349683046340943
37.36	-0.05742313861846924
37.37	-0.0909199619293213
37.38	-0.12441679954528809
37.39	-0.12441679954528809
37.4	-0.07656418323516846
37.41	-0.004785261452198029
37.42	0.02871156930923462
37.43	0.023926308155059816
37.44	0.004785261452198029
37.45	0.01435578465461731
37.46	0.06699366092681885
37.47	0.12920206069946288
37.48	0.1483431053161621
37.49	0.12920206069946288
37.5	0.08613470077514648
37.51	0.03349683046340943
37.52	-0.019141045808792116
37.53	-0.10527575492858887
37.54	-0.15312836647033692
37.55	-0.11484627723693848
37.56	-0.009570522904396058
37.57	0.08613470077514648
37.58	0.1387725830078125
37.59	0.11484627723693848
37.6	0.04785261631011963
37.61	0.0
37.62	-0.062208399772644044
37.63	-0.11006101608276367
37.64	-0.12920206069946288
37.65	-0.10527575492858887
37.66	-0.062208399772644044
37.67	-0.02871156930923462
37.68	-0.009570522904396058
37.69	0.0
37.7	0.0
37.71	0.0
37.72	-0.004785261452198029
37.73	0.0
37.74	0.023926308155059816
37.75	0.062208399772644044
37.76	0.062208399772644044
37.77	0.01435578465461731
37.78	-0.01435578465461731
37.79	0.0
37.8	0.04785261631011963
37.81	0.08613470077514648
37.82	0.06699366092681885
37.83	0.02871156930923462
37.84	0.01435578465461731
37.85	0.02871156930923462
37.86	0.03349683046340943
37.87	0.009570522904396058
37.88	-0.009570522904396058
37.89	-0.019141045808792116
37.9	-0.004785261452198029
37.91	-0.004785261452198029
37.92	-0.023926308155059816
37.93	-0.03828209161758423
37.94	-0.04306735038757324
37.95	-0.04306735038757324
37.96	-0.02871156930923462
37.97	0.0
37.98	0.052637877464294436
37.99	0.08134943962097169
38.0	0.07177892208099365
38.01	0.03349683046340943
38.02	0.004785261452198029
38.03	0.0
38.04	0.03349683046340943
38.05	0.07656418323516846
38.06	0.08134943962097169
38.07	0.062208399772644044
38.08	0.062208399772644044
38.09	0.07656418323516846
38.1	0.07656418323516846
38.11	0.03349683046340943
38.12	-0.02871156930923462
38.13	-0.08134943962097169
38.14	-0.08134943962097169
38.15	-0.052637877464294436
38.16	-0.023926308155059816
38.17	0.0
38.18	0.04306735038757324
38.19	0.0909199619293213
38.2	0.08613470077514648
38.21	0.03349683046340943
38.22	-0.019141045808792116
38.23	-0.062208399772644044
38.24	-0.062208399772644044
38.25	-0.03828209161758423
38.26	-0.009570522904396058
38.27	0.0
38.28	0.01435578465461731
38.29	0.004785261452198029
38.3	0.0
38.31	-0.009570522904396058
38.32	0.0
38.33	0.0
38.34	0.0
38.35	-0.004785261452198029
38.36	-0.03349683046340943
38.37	-0.05742313861846924
38.38	-0.08134943962097169
38.39	-0.08613470077514648
38.4	-0.07656418323516846
38.41	-0.05742313861846924
38.42	-0.019141045808792116
38.43	0.019141045808792116
38.44	0.06699366092681885
38.45	0.08134943962097169
38.46	0.07656418323516846
38.47	0.05742313861846924
38.48	0.04306735038757324
38.49	0.004785261452198029
38.5	-0.02871156930923462
38.51	-0.05742313861846924
38.52	-0.04785261631011963
38.53	-0.019141045808792116
38.54	-0.009570522904396058
38.55	-0.019141045808792116
38.56	0.0
38.57	0.04785261631011963
38.58	0.10049049377441406
38.59	0.0909199619293213
38.6	0.04306735038757324
38.61	0.004785261452198029
38.62	-0.009570522904396058
38.63	-0.03828209161758423
38.64	-0.05742313861846924
38.65	-0.03828209161758423
38.66	0.0
38.67	0.019141045808792116
38.68	0.02871156930923462
38.69	0.02871156930923462
38.7	0.03349683046340943
38.71	0.03828209161758423
38.72	0.03828209161758423
38.73	0.02871156930923462
38.74	0.009570522904396058
38.75	0.004785261452198029
38.76	0.0
38.77	0.0
38.78	0.0
38.79	-0.004785261452198029
38.8	-0.004785261452198029
38.81	-0.004785261452198029
38.82	-0.004785261452198029
38.83	0.0
38.84	0.0
38.85	0.009570522904396058
38.86	0.019141045808792116
38.87	0.023926308155059816
38.88	0.03349683046340943
38.89	0.03349683046340943
38.9	0.023926308155059816
38.91	0.01435578465461731
38.92	0.004785261452198029
38.93	0.0
38.94	0.0
38.95	0.0
38.96	0.0
38.97	-0.009570522904396058
38.98	-0.01435578465461731
38.99	-0.004785261452198029
39.0	0.009570522904396058
39.01	0.02871156930923462
39.02	0.023926308155059816
39.03	0.0
39.04	-0.03349683046340943
39.05	-0.09570523262023926
39.06	-0.1387725830078125
39.07	-0.1339873218536377
39.08	-0.09570523262023926
39.09	-0.03828209161758423
39.1	0.009570522904396058
39.11	0.06699366092681885
39.12	0.10049049377441406
39.13	0.09570523262023926
39.14	0.062208399772644044
39.15	0.01435578465461731
39.16	-0.019141045808792116
39.17	-0.04306735038757324
39.18	-0.03828209161758423
39.19	-0.019141045808792116
39.2	0.0
39.21	0.03828209161758423
39.22	0.07177892208099365
39.23	0.052637877464294436
39.24	0.0
39.25	-0.023926308155059816
39.26	-0.019141045808792116
39.27	0.0
39.28	0.0
39.29	0.004785261452198029
39.3	0.0
39.31	0.004785261452198029
39.32	0.0
39.33	0.0
39.34	0.0
39.35	0.0
39.36	0.004785261452198029
39.37	0.0
39.38	0.0
39.39	0.004785261452198029
39.4	0.03349683046340943
39.41	0.052637877464294436
39.42	0.05742313861846924
39.43	0.052637877464294436
39.44	0.052637877464294436
39.45	0.062208399772644044
39.46	0.05742313861846924
39.47	0.019141045808792116
39.48	-0.004785261452198029
39.49	-0.019141045808792116
39.5	-0.009570522904396058
39.51	-0.009570522904396058
39.52	-0.023926308155059816
39.53	-0.019141045808792116
39.54	-0.004785261452198029
39.55	-0.004785261452198029
39.56	-0.023926308155059816
39.57	-0.02871156930923462
39.58	-0.01435578465461731
39.59	0.0
39.6	0.019141045808792116
39.61	0.02871156930923462
39.62	0.02871156930923462
39.63	0.02871156930923462
39.64	0.019141045808792116
39.65	0.0
39.66	-0.023926308155059816
39.67	-0.04785261631011963
39.68	-0.052637877464294436
39.69	-0.03349683046340943
39.7	0.0
39.71	0.004785261452198029
39.72	0.0
39.73	-0.009570522904396058
39.74	-0.01435578465461731
39.75	0.0
39.76	0.01435578465461731
39.77	0.03828209161758423
39.78	0.052637877464294436
39.79	0.052637877464294436
39.8	0.052637877464294436
39.81	0.06699366092681885
39.82	0.05742313861846924
39.83	0.009570522904396058
39.84	-0.023926308155059816
39.85	-0.03828209161758423
39.86	-0.01435578465461731
39.87	0.0
39.88	0.009570522904396058
39.89	0.023926308155059816
39.9	0.023926308155059816
39.91	0.0
39.92	0.0
39.93	0.0
39.94	0.02871156930923462
39.95	0.04306735038757324
39.96	0.023926308155059816
39.97	0.0
39.98	-0.009570522904396058
39.99	-0.009570522904396058
40.0	-0.004785261452198029
40.01	-0.019141045808792116
40.02	-0.01435578465461731
40.03	0.0
40.04	0.0
40.05	0.0
40.06	-0.009570522904396058
40.07	-0.01435578465461731
40.08	0.0
40.09	0.0
40.1	0.0
40.11	0.01435578465461731
40.12	0.04785261631011963
40.13	0.06699366092681885
40.14	0.04306735038757324
40.15	0.0
40.16	-0.01435578465461731
40.17	-0.01435578465461731
40.18	-0.009570522904396058
40.19	-0.019141045808792116
40.2	-0.03349683046340943
40.21	-0.023926308155059816
40.22	0.0
40.23	0.01435578465461731
40.24	0.023926308155059816
40.25	0.023926308155059816
40.26	0.03349683046340943
40.27	0.04306735038757324
40.28	0.04785261631011963
40.29	0.02871156930923462
40.3	0.004785261452198029
40.31	0.0
40.32	0.0
40.33	0.0
40.34	0.0
40.35	0.0
40.36	0.0
40.37	0.0
40.38	0.0
40.39	0.0
40.4	0.0
40.41	0.009570522904396058
40.42	0.03828209161758423
40.43	0.04306735038757324
40.44	0.009570522904396058
40.45	-0.004785261452198029
40.46	0.0
40.47	0.04785261631011963
40.48	0.08134943962097169
40.49	0.08134943962097169
40.5	0.06699366092681885
40.51	0.04785261631011963
40.52	0.023926308155059816
40.53	0.0
40.54	-0.019141045808792116
40.55	-0.03349683046340943
40.56	-0.03349683046340943
40.57	-0.023926308155059816
40.58	-0.004785261452198029
40.59	0.0
40.6	0.0
40.61	0.0
40.62	0.0
40.63	0.0
40.64	0.0
40.65	0.0
40.66	0.0
40.67	0.0
40.68	-0.02871156930923462
40.69	-0.03828209161758423
40.7	-0.023926308155059816
40.71	0.009570522904396058
40.72	0.052637877464294436
40.73	0.07177892208099365
40.74	0.06699366092681885
40.75	0.04785261631011963
40.76	0.019141045808792116
40.77	0.0
40.78	-0.023926308155059816
40.79	-0.03349683046340943
40.8	-0.03828209161758423
40.81	-0.03349683046340943
40.82	-0.019141045808792116
40.83	0.0
40.84	0.004785261452198029
40.85	0.03349683046340943
40.86	0.06699366092681885
40.87	0.07656418323516846
40.88	0.03828209161758423
40.89	-0.01435578465461731
40.9	-0.062208399772644044
40.91	-0.05742313861846924
40.92	-0.03349683046340943
40.93	-0.02871156930923462
40.94	-0.02871156930923462
40.95	-0.01435578465461731
40.96	0.0
40.97	0.023926308155059816
40.98	0.03349683046340943
40.99	0.02871156930923462
41.0	0.01435578465461731
41.01	0.0
41.02	-0.009570522904396058
41.03	-0.009570522904396058
41.04	0.0
41.05	0.019141045808792116
41.06	0.009570522904396058
41.07	0.0
41.08	-0.004785261452198029
41.09	0.0
41.1	0.019141045808792116
41.11	0.019141045808792116
41.12	0.0
41.13	-0.01435578465461731
41.14	-0.004785261452198029
41.15	0.0
41.16	0.0
41.17	-0.03828209161758423
41.18	-0.07177892208099365
41.19	-0.05742313861846924
41.2	-0.009570522904396058
41.21	0.009570522904396058
41.22	0.009570522904396058
41.23	0.0
41.24	0.01435578465461731
41.25	0.04306735038757324
41.26	0.06699366092681885
41.27	0.06699366092681885
41.28	0.03828209161758423
41.29	0.0
41.3	-0.01435578465461731
41.31	-0.03828209161758423
41.32	-0.04785261631011963
41.33	-0.03349683046340943
41.34	0.0
41.35	0.01435578465461731
41.36	0.01435578465461731
41.37	0.004785261452198029
41.38	0.0
41.39	0.004785261452198029
41.4	0.01435578465461731
41.41	0.023926308155059816
41.42	0.02871156930923462
41.43	0.03349683046340943
41.44	0.02871156930923462
41.45	0.01435578465461731
41.46	0.0
41.47	-0.02871156930923462
41.48	-0.04306735038757324
41.49	-0.04785261631011963
41.5	-0.03828209161758423
41.51	-0.03349683046340943
41.52	-0.02871156930923462
41.53	-0.023926308155059816
41.54	-0.01435578465461731
41.55	0.0
41.56	0.004785261452198029
41.57	0.009570522904396058
41.58	0.004785261452198029
41.59	0.0
41.6	0.0
41.61	0.0
41.62	0.0
41.63	0.019141045808792116
41.64	0.03828209161758423
41.65	0.023926308155059816
41.66	0.0
41.67	-0.019141045808792116
41.68	-0.004785261452198029
41.69	0.019141045808792116
41.7	0.04306735038757324
41.71	0.03349683046340943
41.72	0.0
41.73	-0.03349683046340943
41.74	-0.03828209161758423
41.75	-0.019141045808792116
41.76	-0.009570522904396058
41.77	-0.004785261452198029
41.78	0.0
41.79	0.004785261452198029
41.8	0.02871156930923462
41.81	0.04785261631011963
41.82	0.052637877464294436
41.83	0.04306735038757324
41.84	0.01435578465461731
41.85	-0.009570522904396058
41.86	-0.052637877464294436
41.87	-0.08613470077514648
41.88	-0.09570523262023926
41.89	-0.07656418323516846
41.9	-0.023926308155059816
41.91	0.01435578465461731
41.92	0.04785261631011963
41.93	0.05742313861846924
41.94	0.062208399772644044
41.95	0.06699366092681885
41.96	0.062208399772644044
41.97	0.04306735038757324
41.98	0.02871156930923462
41.99	0.02871156930923462
42.0	0.04306735038757324
42.01	0.01435578465461731
42.02	0.0
42.03	0.0
42.04	0.0
42.05	0.0
42.06	0.004785261452198029
42.07	0.023926308155059816
42.08	0.02871156930923462
42.09	0.01435578465461731
42.1	0.0
42.11	0.0
42.12	0.0
42.13	0.004785261452198029
42.14	0.009570522904396058
42.15	0.004785261452198029
42.16	0.009570522904396058
42.17	0.019141045808792116
42.18	0.023926308155059816
42.19	0.01435578465461731
42.2	-0.004785261452198029
42.21	-0.04306735038757324
42.22	-0.06699366092681885
42.23	-0.05742313861846924
42.24	-0.02871156930923462
42.25	0.0
42.26	-0.004785261452198029
42.27	-0.023926308155059816
42.28	-0.02871156930923462
42.29	-0.004785261452198029
42.3	0.01435578465461731
42.31	0.019141045808792116
42.32	0.0
42.33	-0.01435578465461731
42.34	-0.03828209161758423
42.35	-0.04785261631011963
42.36	-0.03828209161758423
42.37	-0.009570522904396058
42.38	0.0
42.39	0.0
42.4	0.019141045808792116
42.41	0.04306735038757324
42.42	0.04306735038757324
42.43	0.019141045808792116
42.44	0.0
42.45	-0.019141045808792116
42.46	-0.019141045808792116
42.47	-0.009570522904396058
42.48	0.0
42.49	0.0
42.5	0.0
42.51	-0.01435578465461731
42.52	-0.023926308155059816
42.53	-0.023926308155059816
42.54	-0.009570522904396058
42.55	0.0
42.56	0.01435578465461731
42.57	0.03828209161758423
42.58	0.04785261631011963
42.59	0.05742313861846924
42.6	0.07656418323516846
42.61	0.09570523262023926
42.62	0.10049049377441406
42.63	0.0909199619293213
42.64	0.07177892208099365
42.65	0.04785261631011963
42.66	0.01435578465461731
42.67	-0.004785261452198029
42.68	-0.03349683046340943
42.69	-0.03349683046340943
42.7	-0.01435578465461731
42.71	0.0
42.72	0.009570522904396058
42.73	0.0
42.74	0.0
42.75	-0.004785261452198029
42.76	0.0
42.77	0.004785261452198029
42.78	0.004785261452198029
42.79	0.0
42.8	0.0
42.81	0.0
42.82	0.004785261452198029
42.83	0.009570522904396058
42.84	0.0
42.85	0.0
42.86	0.0
42.87	0.01435578465461731
42.88	0.04306735038757324
42.89	0.05742313861846924
42.9	0.03828209161758423
42.91	0.0
42.92	-0.023926308155059816
42.93	-0.019141045808792116
42.94	0.0
42.95	0.004785261452198029
42.96	0.009570522904396058
42.97	0.0
42.98	0.0
42.99	0.009570522904396058
43.0	0.01435578465461731
43.01	0.004785261452198029
43.02	-0.01435578465461731
43.03	-0.04306735038757324
43.04	-0.052637877464294436
43.05	-0.023926308155059816
43.06	0.0
43.07	0.01435578465461731
43.08	0.01435578465461731
43.09	0.004785261452198029
43.1	0.009570522904396058
43.11	0.009570522904396058
43.12	0.009570522904396058
43.13	0.0
43.14	0.0
43.15	0.0
43.16	0.0
43.17	0.0
43.18	-0.01435578465461731
43.19	-0.009570522904396058
43.2	0.0
43.21	0.023926308155059816
43.22	0.02871156930923462
43.23	0.023926308155059816
43.24	0.01435578465461731
43.25	0.004785261452198029
43.26	0.0
43.27	0.0
43.28	-0.004785261452198029
43.29	-0.019141045808792116
43.3	-0.02871156930923462
43.31	-0.01435578465461731
43.32	0.009570522904396058
43.33	0.04785261631011963
43.34	0.062208399772644044
43.35	0.052637877464294436
43.36	0.02871156930923462
43.37	0.01435578465461731
43.38	0.004785261452198029
43.39	0.0
43.4	0.0
43.41	0.0
43.42	-0.004785261452198029
43.43	-0.02871156930923462
43.44	-0.04306735038757324
43.45	-0.03349683046340943
43.46	0.0
43.47	0.023926308155059816
43.48	0.04306735038757324
43.49	0.03349683046340943
43.5	0.01435578465461731
43.51	0.0
43.52	-0.03828209161758423
43.53	-0.07656418323516846
43.54	-0.08134943962097169
43.55	-0.04785261631011963
43.56	-0.004785261452198029
43.57	0.0
43.58	0.0
43.59	0.0
43.6	0.01435578465461731
43.61	0.052637877464294436
43.62	0.07177892208099365
43.63	0.05742313861846924
43.64	0.019141045808792116
43.65	-0.004785261452198029
43.66	-0.02871156930923462
43.67	-0.02871156930923462
43.68	0.0
43.69	0.019141045808792116
43.7	0.03349683046340943
43.71	0.023926308155059816
43.72	0.009570522904396058
43.73	0.01435578465461731
43.74	0.01435578465461731
43.75	0.004785261452198029
43.76	0.0
43.77	0.0
43.78	0.0
43.79	0.009570522904396058
43.8	0.019141045808792116
43.81	0.019141045808792116
43.82	0.01435578465461731
43.83	0.009570522904396058
43.84	0.004785261452198029
43.85	0.0
43.86	-0.01435578465461731
43.87	-0.02871156930923462
43.88	-0.02871156930923462
43.89	-0.009570522904396058
43.9	0.0
43.91	0.0
43.92	0.0
43.93	0.0
43.94	0.0
43.95	0.0
43.96	0.0
43.97	0.0
43.98	0.0
43.99	0.009570522904396058
44.0	0.019141045808792116
44.01	0.01435578465461731
44.02	0.009570522904396058
44.03	0.0
44.04	0.0
44.05	-0.009570522904396058
44.06	-0.009570522904396058
44.07	0.0
44.08	0.023926308155059816
44.09	0.04785261631011963
44.1	0.052637877464294436
44.11	0.03349683046340943
44.12	0.009570522904396058
44.13	0.0
44.14	0.0
44.15	-0.004785261452198029
44.16	-0.009570522904396058
44.17	-0.004785261452198029
44.18	-0.004785261452198029
44.19	-0.004785261452198029
44.2	-0.004785261452198029
44.21	0.0
44.22	0.0
44.23	0.004785261452198029
44.24	0.004785261452198029
44.25	0.004785261452198029
44.26	0.0
44.27	0.0
44.28	0.0
44.29	-0.009570522904396058
44.3	-0.004785261452198029
44.31	0.004785261452198029
44.32	0.02871156930923462
44.33	0.03349683046340943
44.34	0.019141045808792116
44.35	0.009570522904396058
44.36	0.019141045808792116
44.37	0.03349683046340943
44.38	0.02871156930923462
44.39	0.009570522904396058
44.4	0.0
44.41	0.0
44.42	0.0
44.43	0.0
44.44	-0.004785261452198029
44.45	0.0
44.46	0.004785261452198029
44.47	0.019141045808792116
44.48	0.019141045808792116
44.49	0.01435578465461731
44.5	0.009570522904396058
44.51	0.0
44.52	0.0
44.53	-0.004785261452198029
44.54	0.0
44.55	0.0
44.56	0.0
44.57	-0.004785261452198029
44.58	0.0
44.59	0.004785261452198029
44.6	0.01435578465461731
44.61	0.019141045808792116
44.62	0.004785261452198029
44.63	-0.004785261452198029
44.64	-0.019141045808792116
44.65	-0.01435578465461731
44.66	0.0
44.67	0.0
44.68	0.0
44.69	0.0
44.7	0.0
44.71	0.0
44.72	0.0
44.73	0.0
44.74	-0.004785261452198029
44.75	-0.01435578465461731
44.76	-0.009570522904396058
44.77	0.0
44.78	0.0
44.79	-0.004785261452198029
44.8	-0.004785261452198029
44.81	0.0
44.82	0.0
44.83	-0.004785261452198029
44.84	0.0
44.85	0.009570522904396058
44.86	0.02871156930923462
44.87	0.02871156930923462
44.88	0.009570522904396058
44.89	0.004785261452198029
44.9	0.01435578465461731
44.91	0.023926308155059816
44.92	0.019141045808792116
44.93	0.01435578465461731
44.94	0.009570522904396058
44.95	0.004785261452198029
44.96	0.0
44.97	0.0
44.98	0.0
44.99	0.0
45.0	0.0
45.01	0.009570522904396058
45.02	0.019141045808792116
45.03	0.023926308155059816
45.04	0.019141045808792116
45.05	0.009570522904396058
45.06	0.0
45.07	0.0
45.08	0.0
45.09	0.01435578465461731
45.1	0.004785261452198029
45.11	-0.004785261452198029
45.12	-0.01435578465461731
45.13	-0.009570522904396058
45.14	0.0
45.15	-0.004785261452198029
45.16	-0.01435578465461731
45.17	-0.01435578465461731
45.18	-0.019141045808792116
45.19	-0.01435578465461731
45.2	0.0
45.21	0.004785261452198029
45.22	0.009570522904396058
45.23	0.01435578465461731
45.24	0.023926308155059816
45.25	0.03828209161758423
45.26	0.03349683046340943
45.27	0.004785261452198029
45.28	-0.009570522904396058
45.29	-0.01435578465461731
45.3	-0.004785261452198029
45.31	0.0
45.32	0.009570522904396058
45.33	0.004785261452198029
45.34	0.0
45.35	-0.004785261452198029
45.36	-0.019141045808792116
45.37	-0.023926308155059816
45.38	-0.019141045808792116
45.39	-0.004785261452198029
45.4	0.0
45.41	0.004785261452198029
45.42	0.0
45.43	-0.01435578465461731
45.44	-0.01435578465461731
45.45	0.0
45.46	0.019141045808792116
45.47	0.01435578465461731
45.48	0.0
45.49	-0.009570522904396058
45.5	-0.009570522904396058
45.51	0.0
45.52	0.009570522904396058
45.53	0.03349683046340943
45.54	0.052637877464294436
45.55	0.04785261631011963
45.56	0.019141045808792116
45.57	0.0
45.58	0.0
45.59	0.0
45.6	0.009570522904396058
45.61	0.01435578465461731
45.62	0.01435578465461731
45.63	0.019141045808792116
45.64	0.01435578465461731
45.65	0.004785261452198029
45.66	0.0
45.67	0.004785261452198029
45.68	0.01435578465461731
45.69	0.009570522904396058
45.7	0.0
45.71	-0.004785261452198029
45.72	-0.009570522904396058
45.73	-0.009570522904396058
45.74	-0.004785261452198029
45.75	0.0
45.76	-0.004785261452198029
45.77	-0.019141045808792116
45.78	-0.02871156930923462
45.79	-0.023926308155059816
45.8	-0.004785261452198029
45.81	0.0
45.82	0.004785261452198029
45.83	0.0
45.84	0.0
45.85	0.0
45.86	-0.004785261452198029
45.87	0.0
45.88	0.0
45.89	0.004785261452198029
45.9	0.009570522904396058
45.91	0.004785261452198029
45.92	0.004785261452198029
45.93	0.009570522904396058
45.94	0.019141045808792116
45.95	0.02871156930923462
45.96	0.02871156930923462
45.97	0.01435578465461731
45.98	0.0
45.99	0.0
46.0	0.0
