0.787654
0.795874
0.835727
1.543974
1.057365
1.239122
1.148646
1.380123
1.542773
1.839376
1.971209
1.507879
1.450271
1.492713
1.394113
1.529242
1.613909
1.637888
1.670936
1.646806
1.607057
1.483061
1.453525
1.491738
1.467726
1.915119
2.232070
2.300973
2.190407
1.978350
1.695631
1.500229
1.293715
1.104444
1.119129
1.064756
0.960376
0.894479
0.838431
0.808229
0.813958
0.894088
0.978482
1.035435
1.053972
1.033209
0.976563
0.872036
0.732550
0.669564
0.610287
0.550533
0.511321
0.492861
0.476575
0.458957
0.438637
0.424286
0.412341
0.400128
0.388690
0.378630
0.369942
0.362327
0.355574
0.349803
0.345479
0.342893
0.341958
0.341874
0.343112
0.348056
0.341769
0.326289
0.325734
0.324641
0.324852
0.328486
0.333939
0.339148
0.342787
0.344529
0.346263
0.351045
0.360808
0.374291
0.387722
0.397559
0.399557
0.391909
0.377038
0.361190
0.349205
0.347503
0.343220
0.335012
0.326178
0.315439
0.303411
0.301502
0.317110
0.330223
0.340638
0.345996
0.346833
0.346062
0.340474
0.331882
0.321851
0.311870
0.302660
0.294256
0.286432
0.278964
0.272987
0.267031
0.260531
0.253083
0.244946
0.236598
0.228346
