0.546745
0.621097
1.211511
1.528746
2.304025
1.666742
0.822325
0.511589
0.325130
0.252316
0.186130
0.139817
0.118144
0.113342
0.114230
0.114800
0.095005
0.087350
0.069133
0.060439
0.056158
0.050378
0.050013
0.052892
0.063576
0.064762
0.069815
0.062477
0.047702
0.040495
0.039144
0.036499
0.034076
0.033209
0.035252
0.038203
0.038792
0.042201
0.043459
0.040617
0.035791
0.030271
0.026422
0.025368
0.025709
0.026460
0.027357
0.026638
0.025078
0.023065
0.021795
0.021143
0.020946
0.020845
0.021531
0.021261
0.020416
0.019311
0.018649
0.017689
0.016263
0.014745
0.014212
0.014162
0.014662
0.015205
0.015695
0.016151
0.016618
0.016992
0.016971
0.016293
0.015594
0.015040
0.014613
0.015247
0.015720
0.015984
0.016233
0.016185
0.015985
0.015781
0.015643
0.015575
0.015556
0.015679
0.015912
0.016141
0.016356
0.016672
0.016890
0.017043
0.017165
0.017725
0.018297
0.018751
0.019045
0.019172
0.019402
0.019347
0.019054
0.018542
0.017888
0.017356
0.016922
0.016663
0.016391
0.016085
0.015984
0.015814
0.015560
0.015225
0.014830
0.014405
0.013979
0.013576
0.013208
0.012872
0.012557
0.012280
0.012185
