0.342050
0.349803
0.387802
0.601881
0.551947
0.700707
1.264325
1.250392
1.329964
0.791315
0.605902
0.671522
0.673603
0.588786
0.518829
0.494231
0.543782
0.386336
0.312013
0.284968
0.263639
0.231025
0.197284
0.205775
0.170544
0.156745
0.152530
0.139455
0.134314
0.137542
0.137483
0.136484
0.135159
0.138890
0.126833
0.123557
0.108648
0.109965
0.102354
0.093734
0.105439
0.115690
0.120849
0.118478
0.112974
0.102858
0.086903
0.070493
0.065734
0.066958
0.066425
0.064896
0.065724
0.063410
0.060418
0.058244
0.054527
0.051829
0.055947
0.057479
0.056352
0.053733
0.051542
0.049396
0.048441
0.049634
0.050813
0.051884
0.051362
0.048753
0.048035
0.048488
0.048036
0.046371
0.044388
0.042364
0.043925
0.046008
0.048719
0.050049
0.049677
0.047706
0.044448
0.040401
0.038888
0.040021
0.040046
0.039481
0.038300
0.036617
0.034677
0.033491
0.032396
0.031384
0.030418
0.029489
0.028571
0.027642
0.026840
0.026128
0.025646
0.025710
0.025952
0.026421
0.027078
0.027814
0.028512
0.029100
0.029576
0.029991
0.030429
0.030969
0.031673
0.032571
0.033647
0.034859
0.036146
0.037428
0.038636
0.039712
0.040603
