0.233083
0.236170
0.267684
0.317153
0.507213
0.676716
0.662354
0.998567
0.979838
0.667790
0.516046
0.461558
0.299926
0.258593
0.221613
0.252523
0.198729
0.197553
0.215075
0.199234
0.178822
0.165869
0.151236
0.140840
0.144791
0.141848
0.144822
0.154439
0.153849
0.136058
0.120171
0.109462
0.091826
0.085494
0.079850
0.076872
0.078373
0.079238
0.082162
0.084605
0.089240
0.098325
0.096012
0.083907
0.083810
0.083436
0.077856
0.084540
0.086182
0.079731
0.070903
0.063798
0.057589
0.050095
0.048640
0.048226
0.045757
0.042531
0.041637
0.046622
0.050831
0.052541
0.052052
0.050738
0.049108
0.047306
0.046126
0.045948
0.045307
0.045623
0.045306
0.044576
0.043969
0.043710
0.043649
0.043478
0.042963
0.041988
0.040597
0.041890
0.043545
0.044363
0.046254
0.047517
0.047832
0.046919
0.045144
0.043348
0.042327
0.042156
0.042325
0.042170
0.041766
0.040390
0.038795
0.037373
0.036455
0.035291
0.033651
0.031600
0.029206
0.026668
0.025324
0.023986
0.022722
0.021739
0.020587
0.019390
0.018151
0.017674
0.017268
0.016966
0.016786
0.016720
0.016736
0.016781
0.016785
0.016684
0.016433
0.016012
0.015564
