0.085643
0.087610
0.087543
0.179321
0.200119
0.281314
0.244097
0.316908
0.394277
0.351935
0.250491
0.227446
0.186217
0.152744
0.181577
0.143497
0.115439
0.105072
0.098110
0.113613
0.097480
0.108628
0.114106
0.105528
0.097321
0.091217
0.086574
0.078107
0.077340
0.081888
0.078135
0.080371
0.075183
0.074499
0.076069
0.080917
0.080772
0.073126
0.068464
0.073219
0.078801
0.081112
0.082122
0.085490
0.087366
0.084522
0.080310
0.080591
0.084412
0.088024
0.086701
0.079539
0.071381
0.063334
0.057175
0.056436
0.060465
0.064172
0.064902
0.063115
0.060786
0.059073
0.057007
0.053152
0.047307
0.040597
0.035948
0.036635
0.038504
0.039722
0.040317
0.041078
0.040852
0.039540
0.037542
0.037249
0.036655
0.035908
0.035129
0.034325
0.033554
0.032817
0.032058
0.032076
0.031873
0.031258
0.030171
0.028657
0.026760
0.024601
0.023387
0.023428
0.022883
0.021944
0.021157
0.020689
0.020199
0.019726
0.019286
0.018896
0.018564
0.018292
0.018074
0.017892
0.017730
0.017572
0.017407
0.017217
0.017003
0.016761
0.016523
0.016268
0.015990
0.015699
0.015396
0.015087
0.014774
0.014466
0.014162
0.013859
0.013557
