0.010898
0.011746
0.039322
0.021082
0.014795
0.014886
0.016928
0.014925
0.020723
0.021601
0.026814
0.028616
0.022319
0.020818
0.024881
0.026797
0.035062
0.029563
0.025881
0.029947
0.028653
0.025407
0.027338
0.026557
0.026521
0.029037
0.028102
0.030104
0.029113
0.028871
0.031613
0.032767
0.033275
0.032653
0.030642
0.030015
0.029899
0.028552
0.029267
0.030206
0.028822
0.030740
0.032008
0.030496
0.032040
0.037465
0.039819
0.040349
0.038755
0.035794
0.032727
0.030270
0.027842
0.025226
0.023551
0.023566
0.022818
0.022732
0.023356
0.023577
0.022866
0.023591
0.023937
0.024264
0.024481
0.024091
0.022802
0.020812
0.018632
0.016623
0.014782
0.013567
0.013448
0.013458
0.013546
0.013268
0.013048
0.012529
0.012395
0.012239
0.012323
0.012645
0.013068
0.013518
0.013996
0.014553
0.015184
0.015725
0.015956
0.016005
0.016040
0.015650
0.014968
0.014146
0.013273
0.012400
0.011525
0.010636
0.009732
0.008850
0.008479
0.008445
0.008424
0.008464
0.008578
0.008743
0.009031
0.009347
0.009669
0.009993
0.010300
0.010571
0.010788
0.010949
0.011048
0.011107
0.011133
0.011139
0.011303
0.011397
0.011395
