0.129448
0.143090
0.158205
0.207038
0.281069
0.475132
0.691100
0.437397
0.303290
0.313337
0.337095
0.231031
0.141147
0.135883
0.102254
0.097814
0.118919
0.127361
0.117558
0.095098
0.084072
0.075302
0.068437
0.081472
0.087153
0.069179
0.069956
0.062302
0.057828
0.062160
0.060173
0.050681
0.045434
0.047186
0.046994
0.049557
0.050066
0.048695
0.046278
0.046020
0.042755
0.037627
0.032427
0.027209
0.024143
0.020638
0.020119
0.017836
0.017212
0.017493
0.017102
0.016597
0.015957
0.015897
0.015582
0.015510
0.017023
0.018065
0.018221
0.018697
0.019053
0.019133
0.018665
0.017638
0.016165
0.015152
0.014977
0.015428
0.016024
0.016376
0.016397
0.016109
0.015505
0.014715
0.013927
0.014104
0.014422
0.014355
0.014322
0.013910
0.013248
0.013280
0.013364
0.013094
0.012639
0.012127
0.011552
0.011139
0.010813
0.010809
0.011177
0.011375
0.011335
0.011314
0.011261
0.010840
0.010203
0.009529
0.009380
0.009380
0.009380
0.009380
0.009380
0.009380
0.009380
0.009380
0.009380
0.009380
0.009380
0.009380
0.009380
0.009380
0.009380
0.009380
0.009380
0.009380
0.009380
0.009380
0.009380
0.009380
0.009380
