0.228649
0.236569
0.229023
0.229699
0.232116
0.231018
0.230767
0.230492
0.231940
0.235388
0.230374
0.236780
0.239543
0.241114
0.260996
0.247146
0.231533
0.247734
0.251022
0.270716
0.269689
0.263161
0.305529
0.326372
0.307671
0.325931
0.327615
0.347384
0.425827
0.441998
0.432937
0.445673
0.417539
0.442798
0.509811
0.556109
0.570152
0.563865
0.525213
0.491382
0.478878
0.487848
0.518812
0.520464
0.501521
0.453774
0.422822
0.427760
0.427813
0.438634
0.436942
0.433447
0.440554
0.459609
0.487798
0.516201
0.536478
0.566301
0.563019
0.528794
0.483161
0.451697
0.454012
0.488166
0.532862
0.571023
0.602833
0.635079
0.663545
0.706498
0.740817
0.771112
0.800774
0.830091
0.858939
0.879442
0.896495
0.914827
0.932688
0.940717
0.931932
0.907118
0.865924
0.812146
0.750221
0.693251
0.642500
0.641915
0.641857
0.644256
0.652230
0.666661
0.683481
0.693925
0.691893
0.679551
0.665323
0.656495
0.654646
0.657971
0.664805
0.673442
0.683433
0.695196
0.702423
0.703930
0.698768
0.687196
0.671056
0.653002
0.635563
0.619939
0.606142
0.593286
0.580438
0.567269
0.554305
0.542553
0.532779
0.524907
0.517882
