0.372099
0.417163
0.721505
1.307167
1.160480
1.285590
0.585050
0.329829
0.296874
0.331729
0.232095
0.156112
0.161627
0.144665
0.144401
0.124928
0.140793
0.105642
0.099301
0.107261
0.095256
0.071074
0.075050
0.083258
0.098042
0.105550
0.090956
0.084780
0.072329
0.060696
0.058684
0.059348
0.057888
0.056388
0.055692
0.050110
0.045732
0.040205
0.034443
0.033690
0.036018
0.038854
0.041185
0.041670
0.040853
0.042040
0.041540
0.043543
0.045511
0.044472
0.043897
0.039148
0.036730
0.035467
0.032541
0.028543
0.027419
0.026162
0.024390
0.022827
0.021700
0.020267
0.019129
0.019228
0.018709
0.017802
0.016899
0.017709
0.018897
0.019694
0.020029
0.019922
0.021266
0.022076
0.021864
0.020760
0.021019
0.022575
0.024178
0.025656
0.027053
0.028307
0.029430
0.030232
0.030573
0.030367
0.029640
0.029283
0.028719
0.027952
0.027040
0.025947
0.024576
0.023121
0.021702
0.020169
0.018695
0.017388
0.016248
0.015418
0.014750
0.014162
0.013428
0.012542
0.011588
0.011344
0.011167
0.010944
0.010531
0.010093
0.009617
0.009687
0.009839
0.010003
0.010143
0.010173
0.010080
0.009909
0.009614
0.009485
0.009732
