4801
0.0	0.0
0.01	0.0
0.02	0.0
0.03	0.0
0.04	0.0
0.05	0.0
0.06	0.0
0.07	0.0
0.08	0.0005981576815247536
0.09	0.0005981576815247536
0.1	0.0
0.11	0.0
0.12	0.0
0.13	0.0
0.14	0.0
0.15	0.0
0.16	0.0
0.17	0.0
0.18	0.0
0.19	0.0
0.2	0.0
0.21	0.0
0.22	0.0
0.23	0.0
0.24	0.0
0.25	0.0005981576815247536
0.26	0.0005981576815247536
0.27	0.0
0.28	0.0
0.29	0.0
0.3	0.0
0.31	0.0
0.32	0.0
0.33	0.0
0.34	0.0
0.35	0.0
0.36	0.0005981576815247536
0.37	0.0005981576815247536
0.38	0.0
0.39	0.0
0.4	0.0
0.41	0.0005981576815247536
0.42	0.0005981576815247536
0.43	0.0
0.44	0.0
0.45	0.0
0.46	0.0005981576815247536
0.47	0.0
0.48	0.0
0.49	0.0
0.5	0.0005981576815247536
0.51	0.0011963153630495072
0.52	0.0005981576815247536
0.53	0.0
0.54	0.0
0.55	0.0
0.56	0.0
0.57	0.0
0.58	0.0
0.59	0.0
0.6	0.0
0.61	0.0
0.62	0.0
0.63	0.0
0.64	0.0
0.65	0.0
0.66	0.0
0.67	0.0005981576815247536
0.68	0.0005981576815247536
0.69	0.0005981576815247536
0.7	0.0
0.71	0.0
0.72	0.0
0.73	0.0
0.74	0.0
0.75	0.0
0.76	0.0
0.77	0.0
0.78	0.0
0.79	0.0
0.8	0.0
0.81	0.0
0.82	0.0
0.83	0.0
0.84	0.0
0.85	0.0
0.86	0.0
0.87	0.0
0.88	0.0
0.89	0.0
0.9	0.0
0.91	0.0
0.92	0.0
0.93	0.0005981576815247536
0.94	0.0005981576815247536
0.95	0.0
0.96	0.0
0.97	0.0
0.98	0.0005981576815247536
0.99	0.0005981576815247536
1.0	0.0005981576815247536
1.01	0.0
1.02	0.0
1.03	0.0
1.04	0.0
1.05	0.0
1.06	0.0005981576815247536
1.07	0.0005981576815247536
1.08	0.0005981576815247536
1.09	0.0005981576815247536
1.1	0.0
1.11	0.0
1.12	0.0
1.13	0.0005981576815247536
1.14	0.0
1.15	0.0
1.16	0.0
1.17	0.0
1.18	0.0005981576815247536
1.19	0.0
1.2	0.0
1.21	0.0
1.22	0.0
1.23	0.0005981576815247536
1.24	0.0
1.25	0.0
1.26	0.0
1.27	0.0
1.28	0.0
1.29	0.0
1.3	0.0
1.31	0.0
1.32	0.0
1.33	0.0005981576815247536
1.34	0.0005981576815247536
1.35	0.0005981576815247536
1.36	0.0
1.37	0.0
1.38	0.0
1.39	0.0
1.4	0.0
1.41	0.0005981576815247536
1.42	0.0005981576815247536
1.43	0.0
1.44	0.0
1.45	0.0
1.46	0.0005981576815247536
1.47	0.0005981576815247536
1.48	0.0005981576815247536
1.49	0.0005981576815247536
1.5	0.0
1.51	0.0
1.52	0.0
1.53	0.0
1.54	0.0
1.55	0.0
1.56	0.0
1.57	0.0
1.58	0.0
1.59	0.0
1.6	0.0
1.61	0.0
1.62	0.0
1.63	0.0
1.64	0.0
1.65	0.0
1.66	0.0
1.67	0.0005981576815247536
1.68	0.0
1.69	0.0
1.7	0.0
1.71	0.0
1.72	0.0
1.73	0.0
1.74	0.0
1.75	0.0
1.76	0.0
1.77	0.0
1.78	0.0
1.79	0.0
1.8	0.0
1.81	0.0
1.82	0.0
1.83	0.0
1.84	0.0011963153630495072
1.85	0.0011963153630495072
1.86	0.0005981576815247536
1.87	0.0
1.88	0.0005981576815247536
1.89	0.0005981576815247536
1.9	0.0011963153630495072
1.91	0.0
1.92	0.0
1.93	0.0
1.94	0.0
1.95	0.0
1.96	0.0
1.97	0.0
1.98	0.0005981576815247536
1.99	0.0011963153630495072
2.0	0.0005981576815247536
2.01	0.0
2.02	0.0
2.03	0.0011963153630495072
2.04	0.0017944730818271637
2.05	0.0005981576815247536
2.06	0.0
2.07	0.0
2.08	0.0
2.09	0.0011963153630495072
2.1	0.0011963153630495072
2.11	0.0005981576815247536
2.12	0.0
2.13	0.0
2.14	0.0
2.15	0.0
2.16	0.0
2.17	0.0
2.18	0.0
2.19	0.0
2.2	0.0
2.21	0.0
2.22	0.0005981576815247536
2.23	0.0011963153630495072
2.24	0.0011963153630495072
2.25	0.0005981576815247536
2.26	0.0
2.27	0.0
2.28	0.0
2.29	0.0
2.3	0.0
2.31	0.0
2.32	0.0
2.33	0.0
2.34	0.0
2.35	0.0
2.36	0.0
2.37	0.0
2.38	0.0
2.39	0.0
2.4	0.0
2.41	0.0
2.42	0.0
2.43	0.0
2.44	0.0005981576815247536
2.45	0.0005981576815247536
2.46	0.0
2.47	0.0
2.48	0.0
2.49	0.0
2.5	0.0
2.51	0.0
2.52	0.0
2.53	0.0
2.54	0.0
2.55	0.0
2.56	0.0
2.57	0.0
2.58	0.0
2.59	0.0
2.6	0.0
2.61	0.0
2.62	0.0005981576815247536
2.63	0.0
2.64	0.0
2.65	0.0
2.66	0.0
2.67	0.0
2.68	0.0
2.69	0.0
2.7	0.0
2.71	0.0
2.72	0.0
2.73	0.0005981576815247536
2.74	0.0005981576815247536
2.75	0.0
2.76	0.0
2.77	0.0
2.78	0.0005981576815247536
2.79	0.0005981576815247536
2.8	0.0
2.81	0.0
2.82	0.0
2.83	0.0
2.84	0.0
2.85	0.0
2.86	0.0
2.87	0.0005981576815247536
2.88	0.0
2.89	0.0
2.9	0.0
2.91	0.0
2.92	0.0005981576815247536
2.93	0.0
2.94	0.0
2.95	0.0
2.96	0.0005981576815247536
2.97	0.0
2.98	0.0
2.99	0.0
3.0	0.0
3.01	0.0
3.02	0.0
3.03	0.0
3.04	0.0
3.05	0.0
3.06	0.0005981576815247536
3.07	0.0005981576815247536
3.08	0.0005981576815247536
3.09	0.0
3.1	0.0
3.11	0.0
3.12	0.0
3.13	0.0
3.14	0.0005981576815247536
3.15	0.0005981576815247536
3.16	0.0005981576815247536
3.17	0.0
3.18	0.0
3.19	0.0
3.2	0.0
3.21	0.0
3.22	0.0
3.23	0.0
3.24	0.0
3.25	0.0
3.26	0.0
3.27	0.0
3.28	0.0
3.29	0.0
3.3	0.0
3.31	0.0
3.32	0.0
3.33	0.0
3.34	0.0005981576815247536
3.35	0.0
3.36	0.0
3.37	0.0
3.38	0.0
3.39	0.0
3.4	0.0
3.41	0.0
3.42	0.0
3.43	0.0
3.44	0.0
3.45	0.0
3.46	0.0
3.47	0.0
3.48	0.0
3.49	0.0
3.5	0.0
3.51	0.0
3.52	0.0
3.53	0.0
3.54	0.0
3.55	0.0
3.56	0.0
3.57	0.0
3.58	0.0
3.59	0.0005981576815247536
3.6	0.0005981576815247536
3.61	0.0005981576815247536
3.62	0.0
3.63	0.0
3.64	0.0
3.65	0.0
3.66	0.0
3.67	0.0
3.68	0.0
3.69	0.0
3.7	0.0
3.71	0.0
3.72	0.0
3.73	0.0
3.74	0.0005981576815247536
3.75	0.0
3.76	0.0
3.77	0.0
3.78	0.0
3.79	0.0
3.8	0.0
3.81	0.0
3.82	0.0
3.83	0.0
3.84	0.0
3.85	0.0
3.86	0.0
3.87	0.0
3.88	0.0
3.89	0.0
3.9	0.0
3.91	0.0
3.92	0.0
3.93	0.0
3.94	0.0
3.95	0.0
3.96	0.0
3.97	0.0
3.98	0.0
3.99	0.0
4.0	0.0
4.01	0.0
4.02	0.0
4.03	0.0
4.04	0.0005981576815247536
4.05	0.0011963153630495072
4.06	0.0011963153630495072
4.07	0.0005981576815247536
4.08	0.0
4.09	0.0
4.1	0.0
4.11	0.0
4.12	0.0005981576815247536
4.13	0.0005981576815247536
4.14	0.0
4.15	0.0
4.16	0.0
4.17	0.0005981576815247536
4.18	0.0005981576815247536
4.19	0.0
4.2	0.0
4.21	0.0
4.22	0.0
4.23	0.0
4.24	0.0
4.25	0.0
4.26	0.0
4.27	0.0
4.28	0.0
4.29	0.0
4.3	0.0
4.31	0.0
4.32	0.0
4.33	0.0005981576815247536
4.34	0.0005981576815247536
4.35	0.0
4.36	0.0
4.37	0.0
4.38	0.0
4.39	0.0
4.4	0.0005981576815247536
4.41	0.0
4.42	0.0
4.43	0.0
4.44	0.0
4.45	0.0
4.46	0.0
4.47	0.0
4.48	0.0
4.49	0.0
4.5	0.0
4.51	0.0
4.52	0.0
4.53	0.0005981576815247536
4.54	0.0005981576815247536
4.55	0.0005981576815247536
4.56	0.0
4.57	0.0
4.58	0.0
4.59	0.0
4.6	0.0
4.61	0.0
4.62	0.0
4.63	0.0
4.64	0.0
4.65	0.0
4.66	0.0
4.67	0.0
4.68	0.0
4.69	0.0
4.7	0.0
4.71	0.0
4.72	0.0
4.73	0.0
4.74	0.0
4.75	0.0
4.76	0.0
4.77	0.0
4.78	0.0
4.79	0.0
4.8	0.0
4.81	0.0
4.82	0.0
4.83	0.0
4.84	0.0
4.85	0.0
4.86	0.0
4.87	0.0
4.88	0.0
4.89	0.0
4.9	0.0
4.91	0.0
4.92	0.0
4.93	0.0
4.94	0.0
4.95	0.0
4.96	0.0
4.97	0.0
4.98	0.0
4.99	0.0
5.0	0.0
5.01	0.0
5.02	0.0
5.03	0.0
5.04	0.0
5.05	0.0
5.06	0.0
5.07	0.0
5.08	0.0
5.09	0.0
5.1	0.0
5.11	0.0
5.12	0.0
5.13	0.0
5.14	0.0
5.15	0.0
5.16	0.0
5.17	0.0
5.18	0.0
5.19	0.0
5.2	0.0
5.21	0.0
5.22	0.0
5.23	0.0
5.24	0.0
5.25	0.0
5.26	0.0005981576815247536
5.27	0.0005981576815247536
5.28	0.0005981576815247536
5.29	0.0
5.3	0.0005981576815247536
5.31	0.0011963153630495072
5.32	0.0017944730818271637
5.33	0.0017944730818271637
5.34	0.0011963153630495072
5.35	0.0
5.36	0.0
5.37	0.0
5.38	0.0
5.39	0.0
5.4	0.0
5.41	0.0
5.42	0.0
5.43	0.0011963153630495072
5.44	0.0011963153630495072
5.45	0.0005981576815247536
5.46	0.0
5.47	0.0
5.48	0.0
5.49	0.0
5.5	0.0
5.51	0.0
5.52	-0.0005981576815247536
5.53	0.0
5.54	0.0
5.55	0.0
5.56	0.0
5.57	0.0
5.58	0.0
5.59	0.0
5.6	0.0
5.61	0.0
5.62	0.0
5.63	0.0005981576815247536
5.64	0.0017944730818271637
5.65	0.0017944730818271637
5.66	0.0011963153630495072
5.67	0.0
5.68	0.0
5.69	0.0
5.7	0.0
5.71	0.0
5.72	0.0
5.73	0.0
5.74	0.0
5.75	0.0
5.76	0.0
5.77	0.0
5.78	0.0
5.79	0.0
5.8	0.0
5.81	0.0
5.82	0.0
5.83	0.0005981576815247536
5.84	0.0005981576815247536
5.85	0.0
5.86	0.0
5.87	0.0005981576815247536
5.88	0.0005981576815247536
5.89	0.0005981576815247536
5.9	0.0
5.91	0.0
5.92	0.0
5.93	0.0
5.94	0.0005981576815247536
5.95	0.0
5.96	0.0
5.97	0.0
5.98	0.0
5.99	0.0
6.0	0.0
6.01	0.0
6.02	0.0
6.03	0.0
6.04	0.0
6.05	0.0005981576815247536
6.06	0.0005981576815247536
6.07	0.0
6.08	0.0
6.09	0.0
6.1	0.0
6.11	0.0011963153630495072
6.12	0.0017944730818271637
6.13	0.0011963153630495072
6.14	0.0005981576815247536
6.15	0.0005981576815247536
6.16	0.0005981576815247536
6.17	0.0
6.18	0.0
6.19	0.0
6.2	0.0
6.21	0.0005981576815247536
6.22	0.0005981576815247536
6.23	0.0
6.24	0.0
6.25	0.0
6.26	0.0005981576815247536
6.27	0.0011963153630495072
6.28	0.0005981576815247536
6.29	0.0
6.3	0.0
6.31	0.0
6.32	0.0
6.33	0.0
6.34	0.0
6.35	0.0
6.36	0.0
6.37	0.0
6.38	0.0
6.39	0.0
6.4	0.0
6.41	0.0
6.42	0.0
6.43	0.0
6.44	0.0
6.45	0.0
6.46	0.0
6.47	0.0
6.48	0.0005981576815247536
6.49	0.0017944730818271637
6.5	0.0017944730818271637
6.51	0.0011963153630495072
6.52	0.0
6.53	0.0
6.54	0.0
6.55	0.0
6.56	0.0
6.57	0.0
6.58	0.0
6.59	0.0
6.6	0.0
6.61	0.0
6.62	0.0
6.63	0.0
6.64	0.0
6.65	0.0
6.66	0.0
6.67	0.0
6.68	0.0
6.69	0.0
6.7	0.0
6.71	0.0005981576815247536
6.72	0.0
6.73	0.0
6.74	-0.0005981576815247536
6.75	0.0
6.76	0.0
6.77	0.0005981576815247536
6.78	0.0005981576815247536
6.79	0.0
6.8	0.0
6.81	0.0
6.82	0.0
6.83	0.0
6.84	0.0
6.85	0.0
6.86	0.0
6.87	0.0
6.88	0.0
6.89	0.0005981576815247536
6.9	0.0005981576815247536
6.91	0.0
6.92	0.0
6.93	0.0
6.94	0.0
6.95	0.0
6.96	0.0
6.97	0.0
6.98	0.0005981576815247536
6.99	0.0011963153630495072
7.0	0.0011963153630495072
7.01	0.0005981576815247536
7.02	0.0
7.03	0.0
7.04	-0.0005981576815247536
7.05	-0.0005981576815247536
7.06	0.0
7.07	0.0
7.08	0.0
7.09	0.0005981576815247536
7.1	0.0
7.11	0.0
7.12	0.0
7.13	0.0
7.14	0.0
7.15	0.0
7.16	0.0
7.17	0.0
7.18	0.0
7.19	0.0
7.2	0.0
7.21	0.0
7.22	0.0
7.23	0.0
7.24	0.0
7.25	0.0
7.26	0.0
7.27	0.0
7.28	0.0
7.29	0.0
7.3	0.0005981576815247536
7.31	0.0011963153630495072
7.32	0.0017944730818271637
7.33	0.0017944730818271637
7.34	0.0011963153630495072
7.35	0.0
7.36	0.0
7.37	0.0
7.38	0.0
7.39	0.0
7.4	0.0
7.41	0.0
7.42	0.0
7.43	0.0
7.44	0.0
7.45	0.0
7.46	0.0
7.47	0.0
7.48	0.0
7.49	0.0
7.5	0.0
7.51	0.0
7.52	0.0
7.53	0.0
7.54	0.0
7.55	0.0
7.56	0.0
7.57	0.0005981576815247536
7.58	0.0005981576815247536
7.59	0.0
7.6	0.0
7.61	0.0
7.62	0.0
7.63	0.0
7.64	0.0
7.65	0.0
7.66	0.0
7.67	0.0
7.68	0.0
7.69	0.0
7.7	0.0
7.71	0.0005981576815247536
7.72	0.0005981576815247536
7.73	0.0
7.74	0.0
7.75	0.0
7.76	0.0
7.77	0.0
7.78	0.0
7.79	0.0
7.8	0.0
7.81	0.0
7.82	0.0
7.83	0.0
7.84	0.0
7.85	0.0
7.86	0.0
7.87	0.0
7.88	0.0
7.89	0.0
7.9	0.0
7.91	0.0
7.92	0.0
7.93	0.0
7.94	0.0
7.95	0.0
7.96	0.0
7.97	0.0
7.98	0.0
7.99	0.0
8.0	0.0
8.01	0.0
8.02	0.0
8.03	0.0
8.04	0.0
8.05	0.0
8.06	0.0
8.07	0.0
8.08	0.0
8.09	0.0
8.1	0.0005981576815247536
8.11	0.0
8.12	0.0
8.13	0.0
8.14	0.0
8.15	0.0
8.16	0.0
8.17	0.0
8.18	0.0
8.19	0.0005981576815247536
8.2	0.0005981576815247536
8.21	0.0
8.22	0.0
8.23	0.0
8.24	0.0
8.25	0.0
8.26	0.0
8.27	0.0005981576815247536
8.28	0.0005981576815247536
8.29	0.0005981576815247536
8.3	0.0
8.31	0.0
8.32	0.0
8.33	0.0005981576815247536
8.34	0.0005981576815247536
8.35	0.0
8.36	0.0
8.37	0.0
8.38	0.0
8.39	0.0
8.4	0.0005981576815247536
8.41	0.0005981576815247536
8.42	0.0005981576815247536
8.43	0.0005981576815247536
8.44	0.0
8.45	0.0
8.46	0.0
8.47	0.0
8.48	0.0
8.49	0.0
8.5	0.0
8.51	0.0
8.52	0.0
8.53	0.0
8.54	0.0
8.55	0.0
8.56	0.0
8.57	0.0011963153630495072
8.58	0.0005981576815247536
8.59	0.0
8.6	0.0
8.61	0.0
8.62	0.0
8.63	0.0
8.64	0.0
8.65	0.0
8.66	0.0005981576815247536
8.67	0.0
8.68	0.0
8.69	0.0
8.7	0.0
8.71	0.0
8.72	0.0
8.73	0.0
8.74	0.0
8.75	0.0
8.76	0.0
8.77	0.0005981576815247536
8.78	0.0005981576815247536
8.79	0.0011963153630495072
8.8	0.0011963153630495072
8.81	0.0011963153630495072
8.82	0.0
8.83	0.0
8.84	0.0
8.85	0.0
8.86	0.0
8.87	0.0
8.88	0.0005981576815247536
8.89	0.0005981576815247536
8.9	0.0
8.91	0.0
8.92	0.0
8.93	0.0
8.94	0.0
8.95	0.0
8.96	0.0
8.97	0.0
8.98	0.0
8.99	0.0
9.0	-0.0005981576815247536
9.01	0.0
9.02	0.0
9.03	0.0005981576815247536
9.04	0.0
9.05	0.0
9.06	0.0005981576815247536
9.07	0.0005981576815247536
9.08	0.0005981576815247536
9.09	0.0005981576815247536
9.1	0.0
9.11	0.0
9.12	0.0
9.13	0.0
9.14	0.0
9.15	0.0
9.16	0.0
9.17	0.0
9.18	0.0
9.19	0.0005981576815247536
9.2	0.0005981576815247536
9.21	0.0
9.22	0.0
9.23	0.0
9.24	0.0
9.25	0.0005981576815247536
9.26	0.0011963153630495072
9.27	0.0011963153630495072
9.28	0.0005981576815247536
9.29	0.0
9.3	0.0
9.31	0.0
9.32	0.0
9.33	0.0005981576815247536
9.34	0.0005981576815247536
9.35	0.0
9.36	0.0
9.37	0.0
9.38	0.0
9.39	0.0005981576815247536
9.4	0.0
9.41	0.0
9.42	0.0
9.43	0.0
9.44	0.0
9.45	0.0
9.46	0.0
9.47	0.0
9.48	0.0
9.49	0.0
9.5	0.0
9.51	0.0
9.52	0.0005981576815247536
9.53	0.0
9.54	0.0
9.55	0.0
9.56	0.0
9.57	0.0
9.58	0.0
9.59	-0.0005981576815247536
9.6	-0.0005981576815247536
9.61	0.0
9.62	0.0
9.63	0.0
9.64	0.0
9.65	0.0
9.66	0.0
9.67	0.0
9.68	0.0
9.69	0.0
9.7	0.0
9.71	0.0
9.72	0.0
9.73	0.0
9.74	0.0
9.75	0.0005981576815247536
9.76	0.0005981576815247536
9.77	0.0
9.78	0.0
9.79	0.0
9.8	0.0
9.81	0.0
9.82	0.0
9.83	0.0
9.84	0.0
9.85	0.0
9.86	0.0
9.87	0.0
9.88	0.0
9.89	0.0
9.9	0.0
9.91	0.0
9.92	0.0
9.93	0.0
9.94	0.0
9.95	0.0005981576815247536
9.96	0.0005981576815247536
9.97	0.0
9.98	0.0
9.99	0.0005981576815247536
10.0	0.0005981576815247536
10.01	0.0
10.02	0.0
10.03	0.0
10.04	0.0
10.05	0.0
10.06	0.0
10.07	0.0
10.08	0.0
10.09	0.0
10.1	0.0
10.11	0.0
10.12	0.0
10.13	0.0
10.14	0.0
10.15	0.0
10.16	0.0
10.17	0.0
10.18	0.0
10.19	0.0
10.2	0.0
10.21	0.0005981576815247536
10.22	0.0005981576815247536
10.23	0.0
10.24	0.0
10.25	0.0
10.26	0.0
10.27	0.0
10.28	0.0
10.29	0.0
10.3	0.0
10.31	0.0
10.32	0.0
10.33	0.0
10.34	0.0
10.35	0.0005981576815247536
10.36	0.0005981576815247536
10.37	0.0005981576815247536
10.38	0.0005981576815247536
10.39	0.0005981576815247536
10.4	0.0
10.41	0.0
10.42	0.0
10.43	0.0
10.44	0.0
10.45	0.0
10.46	0.0
10.47	0.0
10.48	0.0
10.49	0.0
10.5	0.0
10.51	0.0
10.52	0.0005981576815247536
10.53	0.0005981576815247536
10.54	0.0005981576815247536
10.55	0.0
10.56	0.0
10.57	0.0
10.58	0.0
10.59	0.0
10.6	0.0
10.61	0.0
10.62	0.0
10.63	0.0
10.64	0.0005981576815247536
10.65	0.0
10.66	0.0
10.67	0.0
10.68	0.0
10.69	0.0
10.7	0.0
10.71	0.0
10.72	0.0
10.73	0.0
10.74	0.0
10.75	0.0
10.76	0.0
10.77	0.0
10.78	0.0
10.79	0.0005981576815247536
10.8	0.0005981576815247536
10.81	0.0005981576815247536
10.82	0.0
10.83	0.0
10.84	0.0
10.85	0.0
10.86	0.0
10.87	0.0
10.88	0.0
10.89	0.0
10.9	0.0005981576815247536
10.91	0.0011963153630495072
10.92	0.0017944730818271637
10.93	0.0005981576815247536
10.94	0.0
10.95	0.0
10.96	0.0
10.97	0.0
10.98	0.0
10.99	0.0
11.0	0.0
11.01	0.0
11.02	0.0
11.03	0.0
11.04	0.0
11.05	0.0
11.06	0.0
11.07	0.0
11.08	0.0
11.09	0.0
11.1	0.0
11.11	0.0
11.12	0.0
11.13	0.0
11.14	0.0
11.15	0.0
11.16	0.0
11.17	0.0
11.18	0.0
11.19	0.0
11.2	0.0
11.21	0.0
11.22	0.0005981576815247536
11.23	0.0005981576815247536
11.24	0.0005981576815247536
11.25	0.0005981576815247536
11.26	0.0005981576815247536
11.27	0.0005981576815247536
11.28	0.0
11.29	0.0
11.3	0.0
11.31	0.0
11.32	0.0
11.33	0.0
11.34	0.0
11.35	0.0
11.36	0.0
11.37	0.0
11.38	0.0
11.39	0.0
11.4	0.0
11.41	0.0
11.42	0.0
11.43	0.0
11.44	0.0
11.45	0.0
11.46	0.0
11.47	0.0
11.48	0.0
11.49	0.0
11.5	0.0
11.51	0.0
11.52	0.0005981576815247536
11.53	0.0005981576815247536
11.54	0.0005981576815247536
11.55	0.0
11.56	0.0
11.57	0.0
11.58	0.0
11.59	0.0
11.6	0.0
11.61	0.0
11.62	0.0
11.63	0.0
11.64	0.0
11.65	0.0005981576815247536
11.66	0.0011963153630495072
11.67	0.0011963153630495072
11.68	0.0
11.69	0.0
11.7	0.0
11.71	0.0
11.72	0.0
11.73	0.0
11.74	0.0
11.75	0.0
11.76	0.0
11.77	0.0
11.78	0.0
11.79	0.0
11.8	0.0005981576815247536
11.81	0.0005981576815247536
11.82	0.0005981576815247536
11.83	0.0
11.84	0.0005981576815247536
11.85	0.0005981576815247536
11.86	0.0
11.87	0.0
11.88	0.0
11.89	0.0
11.9	0.0
11.91	0.0
11.92	0.0
11.93	0.0
11.94	0.0005981576815247536
11.95	0.0005981576815247536
11.96	0.0
11.97	0.0
11.98	0.0
11.99	0.0
12.0	0.0
12.01	0.0005981576815247536
12.02	0.0005981576815247536
12.03	0.0
12.04	0.0
12.05	0.0
12.06	0.0005981576815247536
12.07	0.0005981576815247536
12.08	0.0
12.09	0.0
12.1	0.0
12.11	0.0
12.12	0.0
12.13	0.0
12.14	0.0
12.15	0.0
12.16	0.0
12.17	0.0
12.18	0.0
12.19	0.0
12.2	0.0
12.21	0.0005981576815247536
12.22	0.0005981576815247536
12.23	0.0
12.24	0.0
12.25	0.0
12.26	0.0005981576815247536
12.27	0.0005981576815247536
12.28	0.0
12.29	0.0
12.3	0.0
12.31	0.0
12.32	0.0
12.33	0.0
12.34	0.0
12.35	0.0
12.36	0.0005981576815247536
12.37	0.0005981576815247536
12.38	0.0005981576815247536
12.39	0.0
12.4	0.0
12.41	0.0
12.42	0.0
12.43	0.0
12.44	0.0
12.45	0.0
12.46	0.0
12.47	0.0
12.48	0.0
12.49	0.0
12.5	0.0
12.51	0.0
12.52	0.0
12.53	0.0
12.54	0.0
12.55	0.0
12.56	0.0
12.57	0.0
12.58	0.0
12.59	0.0
12.6	0.0
12.61	0.0
12.62	0.0
12.63	0.0
12.64	0.0
12.65	0.0
12.66	0.0
12.67	0.0
12.68	0.0
12.69	0.0
12.7	0.0
12.71	0.0
12.72	0.0
12.73	0.0
12.74	0.0
12.75	0.0
12.76	0.0
12.77	0.0
12.78	0.0
12.79	0.0
12.8	0.0005981576815247536
12.81	0.0005981576815247536
12.82	0.0
12.83	0.0
12.84	0.0
12.85	0.0
12.86	0.0
12.87	0.0
12.88	0.0
12.89	0.0
12.9	0.0
12.91	0.0
12.92	0.0
12.93	0.0005981576815247536
12.94	0.0
12.95	0.0
12.96	0.0
12.97	0.0
12.98	0.0
12.99	0.0
13.0	0.0
13.01	0.0
13.02	0.0
13.03	0.0
13.04	0.0
13.05	-0.0005981576815247536
13.06	0.0
13.07	0.0
13.08	0.0011963153630495072
13.09	0.0005981576815247536
13.1	0.0
13.11	0.0
13.12	0.0
13.13	0.0
13.14	0.0
13.15	0.0
13.16	0.0
13.17	0.0
13.18	0.0
13.19	0.0
13.2	0.0005981576815247536
13.21	0.0005981576815247536
13.22	0.0
13.23	0.0
13.24	0.0
13.25	0.0
13.26	0.0
13.27	0.0
13.28	0.0
13.29	0.0
13.3	0.0
13.31	0.0
13.32	0.0
13.33	0.0
13.34	0.0
13.35	0.0
13.36	0.0
13.37	0.0
13.38	0.0
13.39	0.0
13.4	0.0
13.41	0.0
13.42	0.0
13.43	0.0
13.44	0.0
13.45	0.0
13.46	0.0
13.47	0.0
13.48	-0.0005981576815247536
13.49	0.0
13.5	0.0
13.51	0.0
13.52	0.0
13.53	0.0005981576815247536
13.54	0.0005981576815247536
13.55	0.0
13.56	0.0
13.57	0.0
13.58	0.0
13.59	0.0
13.6	0.0
13.61	0.0
13.62	0.0
13.63	0.0
13.64	0.0
13.65	0.0
13.66	0.0
13.67	0.0
13.68	0.0
13.69	0.0005981576815247536
13.7	0.0011963153630495072
13.71	0.0005981576815247536
13.72	0.0
13.73	0.0
13.74	0.0
13.75	0.0
13.76	0.0
13.77	0.0
13.78	0.0
13.79	0.0
13.8	0.0
13.81	0.0005981576815247536
13.82	0.0
13.83	0.0
13.84	0.0
13.85	0.0
13.86	0.0
13.87	0.0
13.88	0.0
13.89	0.0
13.9	0.0
13.91	0.0
13.92	0.0
13.93	0.0
13.94	0.0
13.95	0.0005981576815247536
13.96	0.0005981576815247536
13.97	0.0
13.98	0.0
13.99	0.0
14.0	0.0
14.01	0.0
14.02	0.0
14.03	0.0
14.04	0.0
14.05	0.0
14.06	0.0
14.07	0.0
14.08	0.0
14.09	0.0
14.1	0.0
14.11	0.0
14.12	0.0005981576815247536
14.13	0.0011963153630495072
14.14	0.0011963153630495072
14.15	0.0011963153630495072
14.16	0.0
14.17	0.0
14.18	0.0
14.19	0.0
14.2	0.0
14.21	0.0
14.22	0.0
14.23	0.0
14.24	0.0
14.25	0.0
14.26	0.0
14.27	0.0
14.28	0.0005981576815247536
14.29	0.0017944730818271637
14.3	0.0023926307260990144
14.31	0.0011963153630495072
14.32	0.0
14.33	0.0
14.34	0.0
14.35	0.0
14.36	0.0
14.37	0.0
14.38	0.0
14.39	0.0
14.4	0.0
14.41	0.0
14.42	0.0
14.43	0.0
14.44	0.0
14.45	0.0
14.46	0.0
14.47	0.0
14.48	0.0
14.49	0.0
14.5	0.0
14.51	0.0
14.52	0.0
14.53	0.0
14.54	0.0
14.55	0.0
14.56	0.0
14.57	0.0
14.58	0.0
14.59	0.0
14.6	0.0
14.61	0.0
14.62	0.0
14.63	0.0
14.64	0.0
14.65	0.0
14.66	0.0
14.67	0.0
14.68	0.0
14.69	0.0
14.7	0.0
14.71	0.0
14.72	0.0
14.73	0.0
14.74	0.0
14.75	0.0
14.76	0.0
14.77	0.0
14.78	0.0
14.79	0.0
14.8	0.0
14.81	0.0
14.82	0.0
14.83	0.0
14.84	0.0
14.85	0.0
14.86	0.0
14.87	0.0
14.88	0.0
14.89	0.0005981576815247536
14.9	0.0
14.91	0.0
14.92	0.0
14.93	0.0
14.94	0.0
14.95	0.0
14.96	0.0
14.97	0.0
14.98	0.0
14.99	0.0
15.0	0.0005981576815247536
15.01	0.0005981576815247536
15.02	0.0
15.03	0.0
15.04	0.0
15.05	0.0
15.06	0.0
15.07	0.0
15.08	0.0
15.09	0.0
15.1	0.0
15.11	0.0
15.12	0.0
15.13	0.0
15.14	0.0
15.15	0.0
15.16	0.0
15.17	0.0
15.18	0.0
15.19	0.0
15.2	0.0005981576815247536
15.21	0.0011963153630495072
15.22	0.0011963153630495072
15.23	0.0
15.24	0.0
15.25	0.0
15.26	0.0
15.27	0.0
15.28	0.0
15.29	0.0005981576815247536
15.3	0.0005981576815247536
15.31	0.0
15.32	0.0
15.33	0.0
15.34	0.0
15.35	0.0
15.36	0.0
15.37	0.0
15.38	0.0
15.39	0.0
15.4	0.0005981576815247536
15.41	0.0005981576815247536
15.42	0.0005981576815247536
15.43	0.0
15.44	0.0
15.45	0.0
15.46	0.0
15.47	0.0
15.48	0.0
15.49	0.0
15.5	0.0
15.51	0.0
15.52	0.0
15.53	0.0
15.54	0.0
15.55	0.0
15.56	0.0
15.57	0.0
15.58	0.0
15.59	0.0
15.6	0.0
15.61	0.0
15.62	0.0
15.63	0.0011963153630495072
15.64	0.0017944730818271637
15.65	0.0017944730818271637
15.66	0.0005981576815247536
15.67	0.0
15.68	0.0
15.69	0.0
15.7	0.0
15.71	0.0
15.72	0.0
15.73	0.0
15.74	-0.0005981576815247536
15.75	-0.0005981576815247536
15.76	0.0
15.77	0.0
15.78	0.0017944730818271637
15.79	0.0023926307260990144
15.8	0.0011963153630495072
15.81	0.0
15.82	0.0
15.83	0.0
15.84	0.0
15.85	0.0
15.86	0.0
15.87	0.0
15.88	0.0
15.89	0.0
15.9	0.0
15.91	0.0
15.92	0.0005981576815247536
15.93	0.0005981576815247536
15.94	0.0005981576815247536
15.95	0.0
15.96	0.0
15.97	0.0
15.98	0.0011963153630495072
15.99	0.0017944730818271637
16.0	0.0011963153630495072
16.01	0.0
16.02	0.0
16.03	0.0
16.04	0.0
16.05	0.0
16.06	0.0
16.07	0.0
16.08	0.0
16.09	0.0
16.1	0.0005981576815247536
16.11	0.0005981576815247536
16.12	0.0005981576815247536
16.13	0.0
16.14	0.0
16.15	0.0005981576815247536
16.16	0.0005981576815247536
16.17	0.0011963153630495072
16.18	0.0017944730818271637
16.19	0.0011963153630495072
16.2	0.0005981576815247536
16.21	0.0
16.22	0.0
16.23	0.0
16.24	-0.0005981576815247536
16.25	-0.0011963153630495072
16.26	-0.0011963153630495072
16.27	0.0
16.28	0.0
16.29	0.0
16.3	0.0
16.31	0.0
16.32	0.0
16.33	0.0
16.34	0.0005981576815247536
16.35	0.0005981576815247536
16.36	0.0
16.37	0.0
16.38	0.0
16.39	0.0
16.4	0.0
16.41	0.0
16.42	-0.0005981576815247536
16.43	0.0
16.44	0.0
16.45	0.0
16.46	0.0
16.47	0.0
16.48	0.0005981576815247536
16.49	0.0005981576815247536
16.5	0.0005981576815247536
16.51	0.0
16.52	0.0
16.53	0.0
16.54	0.0
16.55	0.0
16.56	0.0
16.57	0.0
16.58	0.0
16.59	0.0005981576815247536
16.6	0.0005981576815247536
16.61	0.0
16.62	0.0
16.63	0.0
16.64	0.0005981576815247536
16.65	0.0005981576815247536
16.66	0.0
16.67	0.0
16.68	0.0
16.69	0.0
16.7	0.0
16.71	0.0
16.72	0.0
16.73	0.0
16.74	0.0
16.75	0.0
16.76	0.0
16.77	0.0
16.78	0.0005981576815247536
16.79	0.0011963153630495072
16.8	0.0005981576815247536
16.81	0.0
16.82	0.0
16.83	0.0
16.84	0.0
16.85	0.0005981576815247536
16.86	0.0
16.87	0.0
16.88	0.0
16.89	0.0
16.9	0.0
16.91	0.0
16.92	0.0
16.93	0.0
16.94	0.0
16.95	0.0
16.96	0.0005981576815247536
16.97	0.0005981576815247536
16.98	0.0
16.99	0.0
17.0	0.0
17.01	0.0
17.02	0.0
17.03	0.0
17.04	0.0
17.05	0.0
17.06	0.0
17.07	0.0
17.08	0.0
17.09	0.0
17.1	0.0005981576815247536
17.11	0.0011963153630495072
17.12	0.0005981576815247536
17.13	0.0
17.14	0.0
17.15	0.0005981576815247536
17.16	0.0011963153630495072
17.17	0.0
17.18	0.0
17.19	0.0
17.2	0.0
17.21	0.0
17.22	0.0
17.23	0.0
17.24	0.0
17.25	0.0
17.26	0.0
17.27	0.0
17.28	0.0005981576815247536
17.29	0.0005981576815247536
17.3	0.0
17.31	0.0
17.32	0.0005981576815247536
17.33	0.0011963153630495072
17.34	0.0005981576815247536
17.35	0.0
17.36	0.0
17.37	0.0
17.38	0.0
17.39	0.0
17.4	0.0
17.41	0.0
17.42	0.0
17.43	0.0
17.44	0.0005981576815247536
17.45	0.0005981576815247536
17.46	0.0
17.47	0.0
17.48	0.0
17.49	0.0
17.5	0.0
17.51	0.0005981576815247536
17.52	0.0005981576815247536
17.53	0.0
17.54	0.0
17.55	0.0
17.56	0.0
17.57	0.0
17.58	0.0
17.59	0.0
17.6	0.0
17.61	0.0
17.62	0.0
17.63	0.0011963153630495072
17.64	0.0017944730818271637
17.65	0.0017944730818271637
17.66	0.0005981576815247536
17.67	0.0
17.68	0.0
17.69	0.0
17.7	0.0
17.71	0.0
17.72	0.0
17.73	0.0
17.74	0.0
17.75	0.0
17.76	0.0
17.77	0.0005981576815247536
17.78	0.0005981576815247536
17.79	0.0
17.8	0.0
17.81	0.0
17.82	0.0
17.83	0.0
17.84	0.0
17.85	-0.0005981576815247536
17.86	-0.0011963153630495072
17.87	0.0
17.88	0.0
17.89	0.0
17.9	0.0
17.91	0.0
17.92	0.0
17.93	0.0
17.94	0.0
17.95	0.0
17.96	0.0005981576815247536
17.97	0.0005981576815247536
17.98	0.0
17.99	0.0
18.0	0.0
18.01	0.0
18.02	0.0
18.03	0.0
18.04	0.0
18.05	0.0
18.06	0.0
18.07	0.0005981576815247536
18.08	0.0005981576815247536
18.09	0.0005981576815247536
18.1	0.0005981576815247536
18.11	0.0005981576815247536
18.12	0.0
18.13	0.0
18.14	0.0005981576815247536
18.15	0.0005981576815247536
18.16	0.0005981576815247536
18.17	0.0
18.18	0.0
18.19	0.0
18.2	0.0
18.21	0.0
18.22	0.0
18.23	0.0
18.24	0.0
18.25	0.0
18.26	0.0
18.27	0.0
18.28	0.0
18.29	0.0
18.3	0.0
18.31	0.0
18.32	0.0005981576815247536
18.33	0.0005981576815247536
18.34	0.0
18.35	0.0
18.36	0.0
18.37	0.0
18.38	0.0
18.39	0.0
18.4	0.0
18.41	0.0
18.42	0.0
18.43	0.0
18.44	0.0
18.45	0.0
18.46	0.0005981576815247536
18.47	0.0005981576815247536
18.48	0.0
18.49	0.0
18.5	0.0005981576815247536
18.51	0.0
18.52	0.0
18.53	0.0
18.54	0.0
18.55	0.0
18.56	0.0
18.57	0.0
18.58	0.0
18.59	0.0
18.6	0.0
18.61	0.0
18.62	0.0
18.63	0.0
18.64	0.0
18.65	0.0
18.66	0.0
18.67	0.0
18.68	0.0
18.69	0.0
18.7	0.0
18.71	0.0
18.72	0.0
18.73	0.0
18.74	0.0
18.75	0.0
18.76	0.0
18.77	0.0
18.78	0.0
18.79	0.0
18.8	0.0
18.81	0.0
18.82	0.0
18.83	0.0
18.84	0.0
18.85	0.0
18.86	0.0
18.87	0.0
18.88	0.0
18.89	0.0
18.9	0.0
18.91	0.0
18.92	0.0
18.93	0.0
18.94	0.0
18.95	0.0
18.96	0.0
18.97	0.0005981576815247536
18.98	0.0017944730818271637
18.99	0.0017944730818271637
19.0	0.0011963153630495072
19.01	0.0
19.02	0.0
19.03	0.0
19.04	0.0
19.05	0.0
19.06	0.0
19.07	0.0011963153630495072
19.08	0.0023926307260990144
19.09	0.0011963153630495072
19.1	0.0
19.11	0.0
19.12	0.0
19.13	0.0
19.14	0.0
19.15	0.0
19.16	0.0
19.17	0.0
19.18	0.0
19.19	0.0
19.2	0.0005981576815247536
19.21	0.0005981576815247536
19.22	0.0
19.23	0.0
19.24	0.0
19.25	0.0005981576815247536
19.26	0.0005981576815247536
19.27	0.0005981576815247536
19.28	0.0
19.29	0.0
19.3	0.0
19.31	0.0
19.32	0.0
19.33	0.0
19.34	-0.0005981576815247536
19.35	-0.0005981576815247536
19.36	-0.0005981576815247536
19.37	0.0
19.38	0.0
19.39	0.0005981576815247536
19.4	0.0005981576815247536
19.41	0.0005981576815247536
19.42	0.0005981576815247536
19.43	0.0
19.44	0.0
19.45	0.0
19.46	0.0
19.47	0.0
19.48	0.0
19.49	0.0
19.5	0.0
19.51	0.0
19.52	0.0
19.53	0.0
19.54	0.0
19.55	0.0
19.56	0.0005981576815247536
19.57	0.0
19.58	0.0
19.59	-0.0005981576815247536
19.6	-0.0011963153630495072
19.61	0.0
19.62	0.0
19.63	0.0
19.64	0.0
19.65	0.0
19.66	0.0
19.67	0.0
19.68	0.0
19.69	0.0
19.7	0.0
19.71	0.0
19.72	0.0
19.73	0.0
19.74	0.0
19.75	0.0005981576815247536
19.76	0.0005981576815247536
19.77	0.0005981576815247536
19.78	0.0
19.79	0.0
19.8	0.0
19.81	0.0
19.82	0.0
19.83	0.0005981576815247536
19.84	0.0005981576815247536
19.85	0.0005981576815247536
19.86	0.0005981576815247536
19.87	0.0
19.88	0.0
19.89	0.0
19.9	0.0
19.91	0.0
19.92	0.0
19.93	0.0
19.94	0.0
19.95	0.0
19.96	0.0
19.97	0.0
19.98	0.0
19.99	0.0
20.0	0.0
20.01	0.0005981576815247536
20.02	0.0005981576815247536
20.03	0.0
20.04	0.0
20.05	0.0
20.06	0.0
20.07	0.0
20.08	0.0
20.09	0.0
20.1	0.0
20.11	0.0
20.12	0.0
20.13	0.0
20.14	0.0
20.15	0.0
20.16	0.0
20.17	0.0
20.18	0.0
20.19	0.0
20.2	0.0
20.21	0.0
20.22	0.0
20.23	0.0
20.24	0.0
20.25	0.0
20.26	0.0
20.27	0.0005981576815247536
20.28	0.0
20.29	0.0
20.3	0.0
20.31	0.0
20.32	0.0
20.33	0.0005981576815247536
20.34	0.0011963153630495072
20.35	0.0011963153630495072
20.36	0.0011963153630495072
20.37	0.0005981576815247536
20.38	0.0
20.39	0.0
20.4	0.0
20.41	0.0
20.42	0.0
20.43	0.0005981576815247536
20.44	0.0005981576815247536
20.45	0.0
20.46	0.0
20.47	0.0
20.48	0.0
20.49	0.0
20.5	0.0
20.51	0.0005981576815247536
20.52	0.0005981576815247536
20.53	0.0
20.54	0.0
20.55	0.0
20.56	0.0
20.57	0.0
20.58	0.0
20.59	0.0
20.6	0.0
20.61	0.0
20.62	0.0
20.63	0.0
20.64	0.0
20.65	0.0
20.66	0.0005981576815247536
20.67	0.0005981576815247536
20.68	0.0005981576815247536
20.69	0.0011963153630495072
20.7	0.0011963153630495072
20.71	0.0
20.72	0.0
20.73	0.0
20.74	0.0
20.75	0.0
20.76	0.0
20.77	0.0
20.78	0.0
20.79	0.0
20.8	0.0
20.81	0.0
20.82	0.0
20.83	0.0
20.84	0.0
20.85	0.0
20.86	0.0005981576815247536
20.87	0.0005981576815247536
20.88	0.0005981576815247536
20.89	0.0
20.9	0.0005981576815247536
20.91	0.0005981576815247536
20.92	0.0005981576815247536
20.93	0.0
20.94	0.0
20.95	0.0005981576815247536
20.96	0.0005981576815247536
20.97	0.0
20.98	0.0
20.99	0.0
21.0	0.0
21.01	0.0
21.02	0.0005981576815247536
21.03	0.0005981576815247536
21.04	0.0
21.05	0.0
21.06	0.0
21.07	0.0
21.08	0.0
21.09	0.0
21.1	0.0
21.11	0.0
21.12	-0.0005981576815247536
21.13	0.0
21.14	0.0
21.15	0.0
21.16	0.0
21.17	0.0005981576815247536
21.18	0.0005981576815247536
21.19	0.0005981576815247536
21.2	0.0011963153630495072
21.21	0.0017944730818271637
21.22	0.0011963153630495072
21.23	0.0005981576815247536
21.24	0.0
21.25	0.0
21.26	0.0
21.27	0.0
21.28	0.0
21.29	0.0
21.3	0.0
21.31	0.0
21.32	0.0
21.33	0.0
21.34	0.0005981576815247536
21.35	0.0005981576815247536
21.36	0.0005981576815247536
21.37	0.0005981576815247536
21.38	0.0005981576815247536
21.39	0.0005981576815247536
21.4	0.0
21.41	0.0
21.42	0.0
21.43	0.0
21.44	0.0
21.45	0.0
21.46	0.0
21.47	0.0
21.48	0.0
21.49	0.0
21.5	0.0
21.51	0.0
21.52	0.0
21.53	0.0005981576815247536
21.54	0.0005981576815247536
21.55	0.0
21.56	0.0
21.57	0.0
21.58	0.0
21.59	0.0
21.6	0.0
21.61	0.0
21.62	0.0
21.63	0.0011963153630495072
21.64	0.0011963153630495072
21.65	0.0005981576815247536
21.66	0.0
21.67	0.0
21.68	0.0
21.69	0.0
21.7	0.0
21.71	0.0
21.72	0.0
21.73	0.0
21.74	0.0
21.75	0.0
21.76	0.0
21.77	0.0
21.78	0.0
21.79	0.0
21.8	0.0
21.81	0.0
21.82	0.0
21.83	-0.0005981576815247536
21.84	-0.0005981576815247536
21.85	0.0
21.86	0.0
21.87	0.0
21.88	0.0
21.89	0.0
21.9	0.0005981576815247536
21.91	0.0005981576815247536
21.92	0.0005981576815247536
21.93	0.0005981576815247536
21.94	0.0005981576815247536
21.95	0.0
21.96	0.0
21.97	0.0
21.98	0.0
21.99	0.0
22.0	0.0
22.01	0.0005981576815247536
22.02	0.0
22.03	0.0
22.04	0.0
22.05	0.0005981576815247536
22.06	0.0011963153630495072
22.07	0.0
22.08	0.0
22.09	0.0
22.1	0.0
22.11	0.0
22.12	0.0
22.13	0.0
22.14	0.0
22.15	0.0
22.16	0.0005981576815247536
22.17	0.0011963153630495072
22.18	0.0011963153630495072
22.19	0.0
22.2	0.0
22.21	0.0005981576815247536
22.22	0.0017944730818271637
22.23	0.002990788519382477
22.24	0.0023926307260990144
22.25	0.0
22.26	0.0
22.27	-0.0005981576815247536
22.28	-0.0011963153630495072
22.29	-0.0005981576815247536
22.3	0.0
22.31	0.0011963153630495072
22.32	0.0035889461636543275
22.33	0.004187103807926178
22.34	0.0023926307260990144
22.35	0.0
22.36	0.0
22.37	0.0
22.38	0.0
22.39	0.0
22.4	0.0
22.41	-0.0017944730818271637
22.42	-0.002990788519382477
22.43	-0.0023926307260990144
22.44	0.0
22.45	0.0011963153630495072
22.46	0.0023926307260990144
22.47	0.0011963153630495072
22.48	0.0
22.49	0.0
22.5	0.0
22.51	0.0
22.52	0.0
22.53	0.0011963153630495072
22.54	0.002990788519382477
22.55	0.0035889461636543275
22.56	0.002990788519382477
22.57	0.0005981576815247536
22.58	0.0
22.59	0.0
22.6	0.0
22.61	0.0
22.62	0.0011963153630495072
22.63	0.0011963153630495072
22.64	0.0005981576815247536
22.65	0.0
22.66	-0.0011963153630495072
22.67	-0.002990788519382477
22.68	-0.0017944730818271637
22.69	0.0011963153630495072
22.7	0.005383418798446655
22.71	0.005981577038764954
22.72	0.0011963153630495072
22.73	-0.0023926307260990144
22.74	-0.004785261452198029
22.75	-0.0017944730818271637
22.76	0.0011963153630495072
22.77	0.004785261452198029
22.78	0.0035889461636543275
22.79	0.0023926307260990144
22.8	0.0017944730818271637
22.81	0.0017944730818271637
22.82	0.0005981576815247536
22.83	0.0
22.84	-0.0011963153630495072
22.85	-0.0005981576815247536
22.86	0.0011963153630495072
22.87	0.005383418798446655
22.88	0.004785261452198029
22.89	0.0
22.9	-0.0023926307260990144
22.91	-0.0035889461636543275
22.92	-0.0005981576815247536
22.93	0.0017944730818271637
22.94	0.004187103807926178
22.95	0.0035889461636543275
22.96	0.0017944730818271637
22.97	0.0
22.98	-0.0011963153630495072
22.99	-0.004187103807926178
23.0	-0.004187103807926178
23.01	0.0
23.02	0.007177892327308655
23.03	0.008972365260124206
23.04	0.0017944730818271637
23.05	-0.005383418798446655
23.06	-0.009570522904396058
23.07	-0.005981577038764954
23.08	0.0017944730818271637
23.09	0.009570522904396058
23.1	0.008374207615852357
23.11	0.0023926307260990144
23.12	0.0
23.13	0.0023926307260990144
23.14	0.005383418798446655
23.15	0.004785261452198029
23.16	0.0011963153630495072
23.17	0.0
23.18	0.0017944730818271637
23.19	0.005981577038764954
23.2	0.0065797346830368045
23.21	0.0017944730818271637
23.22	-0.0011963153630495072
23.23	-0.0011963153630495072
23.24	0.0011963153630495072
23.25	0.004785261452198029
23.26	0.002990788519382477
23.27	-0.0017944730818271637
23.28	-0.007177892327308655
23.29	-0.005383418798446655
23.3	0.0
23.31	0.007177892327308655
23.32	0.008374207615852357
23.33	0.002990788519382477
23.34	-0.002990788519382477
23.35	-0.0065797346830368045
23.36	-0.0065797346830368045
23.37	-0.0065797346830368045
23.38	-0.0065797346830368045
23.39	-0.004785261452198029
23.4	-0.0017944730818271637
23.41	-0.0017944730818271637
23.42	-0.0035889461636543275
23.43	-0.0035889461636543275
23.44	0.0
23.45	0.004785261452198029
23.46	0.008972365260124206
23.47	0.0065797346830368045
23.48	0.0017944730818271637
23.49	0.0
23.5	0.0
23.51	0.004187103807926178
23.52	0.005981577038764954
23.53	0.0011963153630495072
23.54	-0.004785261452198029
23.55	-0.008972365260124206
23.56	-0.005383418798446655
23.57	0.0
23.58	0.004187103807926178
23.59	0.0023926307260990144
23.6	-0.0005981576815247536
23.61	-0.0017944730818271637
23.62	0.0
23.63	0.0005981576815247536
23.64	0.0
23.65	-0.0011963153630495072
23.66	-0.0023926307260990144
23.67	-0.0023926307260990144
23.68	-0.0005981576815247536
23.69	0.0
23.7	-0.005383418798446655
23.71	-0.013757627010345459
23.72	-0.015552099943161011
23.73	-0.01016867995262146
23.74	-0.0005981576815247536
23.75	0.005383418798446655
23.76	0.008972365260124206
23.77	0.0065797346830368045
23.78	0.0005981576815247536
23.79	-0.0005981576815247536
23.8	0.0005981576815247536
23.81	0.008972365260124206
23.82	0.015552099943161011
23.83	0.01495394229888916
23.84	0.008374207615852357
23.85	0.0017944730818271637
23.86	0.0
23.87	0.0
23.88	0.0
23.89	0.0
23.9	-0.004785261452198029
23.91	-0.011364995241165162
23.92	-0.015552099943161011
23.93	-0.01495394229888916
23.94	-0.008374207615852357
23.95	0.0005981576815247536
23.96	0.009570522904396058
23.97	0.011963154077529908
23.98	0.008972365260124206
23.99	0.005981577038764954
24.0	0.004785261452198029
24.01	0.0035889461636543275
24.02	0.0017944730818271637
24.03	0.0
24.04	-0.004187103807926178
24.05	-0.01016867995262146
24.06	-0.01016867995262146
24.07	-0.004187103807926178
24.08	0.0023926307260990144
24.09	0.005981577038764954
24.1	0.004187103807926178
24.11	0.0005981576815247536
24.12	0.0
24.13	0.0
24.14	0.0011963153630495072
24.15	0.0011963153630495072
24.16	0.0011963153630495072
24.17	0.0011963153630495072
24.18	0.0005981576815247536
24.19	0.0
24.2	-0.0023926307260990144
24.21	0.0
24.22	0.002990788519382477
24.23	0.007177892327308655
24.24	0.0065797346830368045
24.25	0.0005981576815247536
24.26	-0.004785261452198029
24.27	-0.01016867995262146
24.28	-0.011364995241165162
24.29	-0.008972365260124206
24.3	-0.0065797346830368045
24.31	-0.004785261452198029
24.32	-0.0023926307260990144
24.33	0.0
24.34	0.002990788519382477
24.35	0.0023926307260990144
24.36	0.0
24.37	-0.0023926307260990144
24.38	0.0
24.39	0.0035889461636543275
24.4	0.007177892327308655
24.41	0.008972365260124206
24.42	0.01016867995262146
24.43	0.01076683759689331
24.44	0.009570522904396058
24.45	0.002990788519382477
24.46	-0.005383418798446655
24.47	-0.01076683759689331
24.48	-0.005383418798446655
24.49	0.004187103807926178
24.5	0.011364995241165162
24.51	0.011364995241165162
24.52	0.005981577038764954
24.53	0.0
24.54	-0.004785261452198029
24.55	-0.009570522904396058
24.56	-0.013159469366073609
24.57	-0.01435578465461731
24.58	-0.012561311721801758
24.59	-0.008972365260124206
24.6	-0.004785261452198029
24.61	-0.0011963153630495072
24.62	0.0
24.63	0.0017944730818271637
24.64	0.0065797346830368045
24.65	0.013159469366073609
24.66	0.01495394229888916
24.67	0.011364995241165162
24.68	0.0065797346830368045
24.69	0.004187103807926178
24.7	0.005383418798446655
24.71	0.0065797346830368045
24.72	0.004785261452198029
24.73	-0.0005981576815247536
24.74	-0.0065797346830368045
24.75	-0.005383418798446655
24.76	-0.0005981576815247536
24.77	0.0005981576815247536
24.78	0.0
24.79	-0.0023926307260990144
24.8	-0.0035889461636543275
24.81	0.0
24.82	0.005383418798446655
24.83	0.01016867995262146
24.84	0.009570522904396058
24.85	0.0065797346830368045
24.86	0.0065797346830368045
24.87	0.01016867995262146
24.88	0.012561311721801758
24.89	0.012561311721801758
24.9	0.01016867995262146
24.91	0.002990788519382477
24.92	-0.007177892327308655
24.93	-0.017346572875976563
24.94	-0.017944730520248413
24.95	-0.008374207615852357
24.96	0.0023926307260990144
24.97	0.0077760499715805054
24.98	0.002990788519382477
24.99	-0.0077760499715805054
25.0	-0.01615025758743286
25.01	-0.013757627010345459
25.02	-0.0005981576815247536
25.03	0.012561311721801758
25.04	0.018542888164520262
25.05	0.011963154077529908
25.06	0.0
25.07	-0.009570522904396058
25.08	-0.0077760499715805054
25.09	0.0
25.1	0.009570522904396058
25.11	0.011364995241165162
25.12	0.004785261452198029
25.13	-0.004187103807926178
25.14	-0.013757627010345459
25.15	-0.017346572875976563
25.16	-0.012561311721801758
25.17	-0.004187103807926178
25.18	-0.0023926307260990144
25.19	-0.011364995241165162
25.2	-0.02153367519378662
25.21	-0.022131834030151367
25.22	-0.01076683759689331
25.23	0.0023926307260990144
25.24	0.009570522904396058
25.25	0.004785261452198029
25.26	-0.0035889461636543275
25.27	-0.01076683759689331
25.28	-0.008374207615852357
25.29	0.0
25.3	0.0065797346830368045
25.31	0.008972365260124206
25.32	0.007177892327308655
25.33	0.0065797346830368045
25.34	0.013757627010345459
25.35	0.027515254020690917
25.36	0.04007656574249267
25.37	0.04665629863739014
25.38	0.04605813980102539
25.39	0.041272878646850586
25.4	0.03349683046340943
25.41	0.026318938732147218
25.42	0.020935518741607664
25.43	0.01495394229888916
25.44	0.0011963153630495072
25.45	-0.01615025758743286
25.46	-0.03289867162704468
25.47	-0.03648761749267578
25.48	-0.02572077989578247
25.49	-0.008972365260124206
25.5	0.0017944730818271637
25.51	0.009570522904396058
25.52	0.016748415231704714
25.53	0.02691709518432617
25.54	0.03828209161758423
25.55	0.04725445747375488
25.56	0.05024524688720703
25.57	0.04785261631011963
25.58	0.03768393278121948
25.59	0.019141045808792116
25.6	0.0
25.61	-0.013159469366073609
25.62	-0.01495394229888916
25.63	-0.013757627010345459
25.64	-0.020935518741607664
25.65	-0.041272878646850586
25.66	-0.0663955020904541
25.67	-0.081947603225708
25.68	-0.08254575729370117
25.69	-0.0735733938217163
25.7	-0.06280655384063721
25.71	-0.05383419036865234
25.72	-0.04605813980102539
25.73	-0.03349683046340943
25.74	-0.016748415231704714
25.75	0.0005981576815247536
25.76	0.013757627010345459
25.77	0.01615025758743286
25.78	0.008972365260124206
25.79	0.007177892327308655
25.8	0.02153367519378662
25.81	0.044263668060302734
25.82	0.0580212926864624
25.83	0.04725445747375488
25.84	0.01615025758743286
25.85	-0.01615025758743286
25.86	-0.03947840690612793
25.87	-0.04785261631011963
25.88	-0.04725445747375488
25.89	-0.04246919631958008
25.9	-0.035889461040496826
25.91	-0.02871156930923462
25.92	-0.02332814931869507
25.93	-0.02033735990524292
25.94	-0.017346572875976563
25.95	-0.015552099943161011
25.96	-0.01495394229888916
25.97	-0.011963154077529908
25.98	-0.0023926307260990144
25.99	0.015552099943161011
26.0	0.04067471981048584
26.01	0.05981576919555664
26.02	0.06460103034973144
26.03	0.05981576919555664
26.04	0.05682497978210449
26.05	0.05742313861846924
26.06	0.055030508041381834
26.07	0.041272878646850586
26.08	0.018542888164520262
26.09	0.0
26.1	-0.0017944730818271637
26.11	0.008374207615852357
26.12	0.02153367519378662
26.13	0.018542888164520262
26.14	-0.002990788519382477
26.15	-0.034693145751953126
26.16	-0.0604139232635498
26.17	-0.07177892208099365
26.18	-0.07118076324462891
26.19	-0.06460103034973144
26.2	-0.05144155979156494
26.21	-0.026318938732147218
26.22	0.01016867995262146
26.23	0.05024524688720703
26.24	0.0747697114944458
26.25	0.07776049613952636
26.26	0.06759181499481201
26.27	0.055030508041381834
26.28	0.04246919631958008
26.29	0.029309725761413573
26.3	0.019141045808792116
26.31	0.017346572875976563
26.32	0.019739203453063965
26.33	0.013757627010345459
26.34	-0.005981577038764954
26.35	-0.037085776329040525
26.36	-0.06340471267700196
26.37	-0.0795549726486206
26.38	-0.08673286437988281
26.39	-0.08493839263916016
26.4	-0.0663955020904541
26.41	-0.031104199886322022
26.42	0.002990788519382477
26.43	0.02332814931869507
26.44	0.025122623443603515
26.45	0.019141045808792116
26.46	0.019141045808792116
26.47	0.028113410472869874
26.48	0.037085776329040525
26.49	0.037085776329040525
26.5	0.02691709518432617
26.51	0.015552099943161011
26.52	0.008972365260124206
26.53	0.0065797346830368045
26.54	0.0035889461636543275
26.55	0.0
26.56	-0.009570522904396058
26.57	-0.018542888164520262
26.58	-0.019739203453063965
26.59	-0.008374207615852357
26.6	0.013159469366073609
26.61	0.03768393278121948
26.62	0.052637877464294436
26.63	0.052039718627929686
26.64	0.03648761749267578
26.65	0.012561311721801758
26.66	-0.008972365260124206
26.67	-0.02572077989578247
26.68	-0.034693145751953126
26.69	-0.03648761749267578
26.7	-0.030506041049957276
26.71	-0.018542888164520262
26.72	-0.005981577038764954
26.73	0.0035889461636543275
26.74	0.013159469366073609
26.75	0.017346572875976563
26.76	0.017944730520248413
26.77	0.018542888164520262
26.78	0.028113410472869874
26.79	0.044861826896667484
26.8	0.05622682094573975
26.81	0.04725445747375488
26.82	0.017944730520248413
26.83	-0.015552099943161011
26.84	-0.04187103748321533
26.85	-0.052637877464294436
26.86	-0.05144155979156494
26.87	-0.041272878646850586
26.88	-0.022729990482330324
26.89	0.0
26.9	0.020935518741607664
26.91	0.03648761749267578
26.92	0.04725445747375488
26.93	0.05622682094573975
26.94	0.062208399772644044
26.95	0.05981576919555664
26.96	0.04605813980102539
26.97	0.022729990482330324
26.98	0.0005981576815247536
26.99	-0.012561311721801758
27.0	-0.02332814931869507
27.01	-0.03768393278121948
27.02	-0.05981576919555664
27.03	-0.08493839263916016
27.04	-0.10049049377441406
27.05	-0.09869601249694825
27.06	-0.07835865497589112
27.07	-0.04545998096466065
27.08	-0.013159469366073609
27.09	0.0077760499715805054
27.1	0.015552099943161011
27.11	0.013159469366073609
27.12	0.0077760499715805054
27.13	0.0005981576815247536
27.14	-0.007177892327308655
27.15	-0.01435578465461731
27.16	-0.009570522904396058
27.17	0.0077760499715805054
27.18	0.031104199886322022
27.19	0.041272878646850586
27.2	0.030506041049957276
27.21	0.007177892327308655
27.22	-0.011364995241165162
27.23	-0.02033735990524292
27.24	-0.017346572875976563
27.25	-0.007177892327308655
27.26	0.007177892327308655
27.27	0.025122623443603515
27.28	0.03828209161758423
27.29	0.04007656574249267
27.3	0.03289867162704468
27.31	0.02153367519378662
27.32	0.0077760499715805054
27.33	-0.005981577038764954
27.34	-0.020935518741607664
27.35	-0.028113410472869874
27.36	-0.02452446460723877
27.37	-0.012561311721801758
27.38	-0.0011963153630495072
27.39	0.0011963153630495072
27.4	0.0005981576815247536
27.41	0.002990788519382477
27.42	0.013757627010345459
27.43	0.028113410472869874
27.44	0.03529130220413208
27.45	0.02871156930923462
27.46	0.016748415231704714
27.47	0.0077760499715805054
27.48	0.004785261452198029
27.49	0.0035889461636543275
27.5	0.0
27.51	-0.0017944730818271637
27.52	-0.0005981576815247536
27.53	0.0023926307260990144
27.54	0.004785261452198029
27.55	0.0
27.56	-0.012561311721801758
27.57	-0.025122623443603515
27.58	-0.03230051517486572
27.59	-0.03289867162704468
27.6	-0.02871156930923462
27.61	-0.022131834030151367
27.62	-0.01435578465461731
27.63	-0.004785261452198029
27.64	0.0005981576815247536
27.65	0.0023926307260990144
27.66	0.0011963153630495072
27.67	0.005383418798446655
27.68	0.01615025758743286
27.69	0.02871156930923462
27.7	0.03289867162704468
27.71	0.02332814931869507
27.72	0.0077760499715805054
27.73	-0.0035889461636543275
27.74	-0.01016867995262146
27.75	-0.01016867995262146
27.76	-0.005981577038764954
27.77	-0.0005981576815247536
27.78	0.0
27.79	0.0
27.8	-0.0005981576815247536
27.81	-0.002990788519382477
27.82	-0.0035889461636543275
27.83	-0.0035889461636543275
27.84	-0.008374207615852357
27.85	-0.018542888164520262
27.86	-0.02691709518432617
27.87	-0.025122623443603515
27.88	-0.012561311721801758
27.89	0.0005981576815247536
27.9	0.013159469366073609
27.91	0.022729990482330324
27.92	0.03289867162704468
27.93	0.03947840690612793
27.94	0.037085776329040525
27.95	0.02572077989578247
27.96	0.015552099943161011
27.97	0.012561311721801758
27.98	0.013159469366073609
27.99	0.008374207615852357
28.0	-0.0023926307260990144
28.01	-0.017346572875976563
28.02	-0.026318938732147218
28.03	-0.02572077989578247
28.04	-0.019739203453063965
28.05	-0.015552099943161011
28.06	-0.01495394229888916
28.07	-0.013757627010345459
28.08	-0.008972365260124206
28.09	-0.0023926307260990144
28.1	0.0011963153630495072
28.11	0.0035889461636543275
28.12	0.0011963153630495072
28.13	-0.004785261452198029
28.14	-0.01435578465461731
28.15	-0.02033735990524292
28.16	-0.016748415231704714
28.17	-0.0023926307260990144
28.18	0.015552099943161011
28.19	0.02871156930923462
28.2	0.027515254020690917
28.21	0.012561311721801758
28.22	-0.004187103807926178
28.23	-0.01615025758743286
28.24	-0.018542888164520262
28.25	-0.01495394229888916
28.26	-0.011364995241165162
28.27	-0.0077760499715805054
28.28	-0.0017944730818271637
28.29	0.007177892327308655
28.3	0.018542888164520262
28.31	0.025122623443603515
28.32	0.020935518741607664
28.33	0.01016867995262146
28.34	0.0017944730818271637
28.35	0.002990788519382477
28.36	0.013757627010345459
28.37	0.02691709518432617
28.38	0.03648761749267578
28.39	0.041272878646850586
28.4	0.041272878646850586
28.41	0.03648761749267578
28.42	0.02691709518432617
28.43	0.013757627010345459
28.44	0.0
28.45	-0.013757627010345459
28.46	-0.023926308155059816
28.47	-0.02871156930923462
28.48	-0.028113410472869874
28.49	-0.02153367519378662
28.5	-0.012561311721801758
28.51	-0.007177892327308655
28.52	-0.01016867995262146
28.53	-0.019141045808792116
28.54	-0.027515254020690917
28.55	-0.02871156930923462
28.56	-0.022729990482330324
28.57	-0.015552099943161011
28.58	-0.011963154077529908
28.59	-0.012561311721801758
28.6	-0.013757627010345459
28.61	-0.011364995241165162
28.62	-0.0065797346830368045
28.63	-0.0017944730818271637
28.64	0.0
28.65	0.0035889461636543275
28.66	0.008972365260124206
28.67	0.019141045808792116
28.68	0.02990788459777832
28.69	0.035889461040496826
28.7	0.03230051517486572
28.71	0.019141045808792116
28.72	0.0011963153630495072
28.73	-0.01615025758743286
28.74	-0.031104199886322022
28.75	-0.03648761749267578
28.76	-0.02990788459777832
28.77	-0.017346572875976563
28.78	-0.005383418798446655
28.79	0.0
28.8	0.0035889461636543275
28.81	0.009570522904396058
28.82	0.022729990482330324
28.83	0.037085776329040525
28.84	0.044263668060302734
28.85	0.041272878646850586
28.86	0.03349683046340943
28.87	0.02572077989578247
28.88	0.017346572875976563
28.89	0.0065797346830368045
28.9	-0.009570522904396058
28.91	-0.03289867162704468
28.92	-0.05443234920501709
28.93	-0.062208399772644044
28.94	-0.055030508041381834
28.95	-0.04246919631958008
28.96	-0.030506041049957276
28.97	-0.019141045808792116
28.98	-0.005981577038764954
28.99	0.004785261452198029
29.0	0.013757627010345459
29.01	0.019739203453063965
29.02	0.022729990482330324
29.03	0.023926308155059816
29.04	0.02452446460723877
29.05	0.025122623443603515
29.06	0.026318938732147218
29.07	0.027515254020690917
29.08	0.02871156930923462
29.09	0.029309725761413573
29.1	0.02572077989578247
29.11	0.01435578465461731
29.12	-0.0011963153630495072
29.13	-0.018542888164520262
29.14	-0.02871156930923462
29.15	-0.030506041049957276
29.16	-0.029309725761413573
29.17	-0.02871156930923462
29.18	-0.02990788459777832
29.19	-0.031104199886322022
29.2	-0.028113410472869874
29.21	-0.019739203453063965
29.22	-0.01076683759689331
29.23	-0.004187103807926178
29.24	0.0005981576815247536
29.25	0.01016867995262146
29.26	0.019141045808792116
29.27	0.02332814931869507
29.28	0.019141045808792116
29.29	0.011364995241165162
29.3	0.004187103807926178
29.31	0.0011963153630495072
29.32	0.0017944730818271637
29.33	0.0035889461636543275
29.34	0.0065797346830368045
29.35	0.011963154077529908
29.36	0.015552099943161011
29.37	0.013757627010345459
29.38	0.007177892327308655
29.39	0.0011963153630495072
29.4	0.0005981576815247536
29.41	0.004785261452198029
29.42	0.0065797346830368045
29.43	0.0
29.44	-0.01016867995262146
29.45	-0.017346572875976563
29.46	-0.01435578465461731
29.47	-0.005981577038764954
29.48	0.0011963153630495072
29.49	0.005981577038764954
29.5	0.007177892327308655
29.51	0.008972365260124206
29.52	0.01076683759689331
29.53	0.008972365260124206
29.54	0.0011963153630495072
29.55	-0.01016867995262146
29.56	-0.022729990482330324
29.57	-0.03289867162704468
29.58	-0.03768393278121948
29.59	-0.035889461040496826
29.6	-0.02691709518432617
29.61	-0.0077760499715805054
29.62	0.01615025758743286
29.63	0.04007656574249267
29.64	0.05622682094573975
29.65	0.06579734325408935
29.66	0.06878813266754151
29.67	0.061610240936279294
29.68	0.04067471981048584
29.69	0.009570522904396058
29.7	-0.02153367519378662
29.71	-0.044263668060302734
29.72	-0.04904892921447754
29.73	-0.03947840690612793
29.74	-0.02572077989578247
29.75	-0.017944730520248413
29.76	-0.017346572875976563
29.77	-0.02033735990524292
29.78	-0.02033735990524292
29.79	-0.017944730520248413
29.8	-0.017346572875976563
29.81	-0.018542888164520262
29.82	-0.015552099943161011
29.83	-0.002990788519382477
29.84	0.017944730520248413
29.85	0.041272878646850586
29.86	0.0532360315322876
29.87	0.04964708805084229
29.88	0.034693145751953126
29.89	0.018542888164520262
29.9	0.0065797346830368045
29.91	0.0005981576815247536
29.92	0.0
29.93	0.0017944730818271637
29.94	0.005383418798446655
29.95	0.0077760499715805054
29.96	0.0077760499715805054
29.97	0.004785261452198029
29.98	0.0005981576815247536
29.99	-0.0011963153630495072
30.0	-0.004785261452198029
30.01	-0.008374207615852357
30.02	-0.012561311721801758
30.03	-0.01435578465461731
30.04	-0.011364995241165162
30.05	-0.002990788519382477
30.06	0.004187103807926178
30.07	0.0077760499715805054
30.08	0.002990788519382477
30.09	-0.0035889461636543275
30.1	-0.008374207615852357
30.11	-0.005383418798446655
30.12	0.0
30.13	0.004785261452198029
30.14	0.0065797346830368045
30.15	0.007177892327308655
30.16	0.009570522904396058
30.17	0.012561311721801758
30.18	0.01435578465461731
30.19	0.011364995241165162
30.2	0.005383418798446655
30.21	-0.0011963153630495072
30.22	-0.01076683759689331
30.23	-0.020935518741607664
30.24	-0.027515254020690917
30.25	-0.027515254020690917
30.26	-0.02033735990524292
30.27	-0.01016867995262146
30.28	-0.004187103807926178
30.29	-0.0065797346830368045
30.3	-0.012561311721801758
30.31	-0.012561311721801758
30.32	-0.0011963153630495072
30.33	0.01435578465461731
30.34	0.02691709518432617
30.35	0.026318938732147218
30.36	0.015552099943161011
30.37	0.0035889461636543275
30.38	0.0
30.39	0.0023926307260990144
30.4	0.004187103807926178
30.41	0.0
30.42	-0.0077760499715805054
30.43	-0.01435578465461731
30.44	-0.01495394229888916
30.45	-0.01076683759689331
30.46	-0.005981577038764954
30.47	-0.0017944730818271637
30.48	0.0005981576815247536
30.49	0.004187103807926178
30.5	0.0065797346830368045
30.51	0.008374207615852357
30.52	0.01076683759689331
30.53	0.01495394229888916
30.54	0.02153367519378662
30.55	0.02452446460723877
30.56	0.019739203453063965
30.57	0.007177892327308655
30.58	-0.005981577038764954
30.59	-0.01615025758743286
30.6	-0.019141045808792116
30.61	-0.016748415231704714
30.62	-0.01016867995262146
30.63	-0.004187103807926178
30.64	-0.002990788519382477
30.65	-0.008374207615852357
30.66	-0.01615025758743286
30.67	-0.017944730520248413
30.68	-0.01076683759689331
30.69	0.0
30.7	0.0065797346830368045
30.71	0.01076683759689331
30.72	0.01435578465461731
30.73	0.017944730520248413
30.74	0.018542888164520262
30.75	0.013159469366073609
30.76	0.002990788519382477
30.77	-0.0065797346830368045
30.78	-0.013757627010345459
30.79	-0.01495394229888916
30.8	-0.009570522904396058
30.81	0.0017944730818271637
30.82	0.02153367519378662
30.83	0.04067471981048584
30.84	0.04665629863739014
30.85	0.035889461040496826
30.86	0.018542888164520262
30.87	0.008374207615852357
30.88	0.008972365260124206
30.89	0.01016867995262146
30.9	0.0011963153630495072
30.91	-0.016748415231704714
30.92	-0.03828209161758423
30.93	-0.04964708805084229
30.94	-0.04964708805084229
30.95	-0.04246919631958008
30.96	-0.031104199886322022
30.97	-0.01495394229888916
30.98	0.0017944730818271637
30.99	0.015552099943161011
31.0	0.019141045808792116
31.01	0.015552099943161011
31.02	0.013159469366073609
31.03	0.016748415231704714
31.04	0.025122623443603515
31.05	0.029309725761413573
31.06	0.025122623443603515
31.07	0.011963154077529908
31.08	-0.002990788519382477
31.09	-0.019739203453063965
31.1	-0.03289867162704468
31.11	-0.04067471981048584
31.12	-0.04067471981048584
31.13	-0.03170235633850098
31.14	-0.01495394229888916
31.15	0.004187103807926178
31.16	0.020935518741607664
31.17	0.026318938732147218
31.18	0.022729990482330324
31.19	0.02033735990524292
31.2	0.02452446460723877
31.21	0.03170235633850098
31.22	0.030506041049957276
31.23	0.01615025758743286
31.24	-0.004785261452198029
31.25	-0.026318938732147218
31.26	-0.041272878646850586
31.27	-0.04964708805084229
31.28	-0.055030508041381834
31.29	-0.05682497978210449
31.3	-0.050843400955200194
31.31	-0.03409498691558838
31.32	-0.007177892327308655
31.33	0.020935518741607664
31.34	0.04545998096466065
31.35	0.05682497978210449
31.36	0.055030508041381834
31.37	0.044861826896667484
31.38	0.03230051517486572
31.39	0.018542888164520262
31.4	0.004187103807926178
31.41	-0.004785261452198029
31.42	-0.0065797346830368045
31.43	-0.0017944730818271637
31.44	0.002990788519382477
31.45	0.008972365260124206
31.46	0.01435578465461731
31.47	0.019739203453063965
31.48	0.02153367519378662
31.49	0.01615025758743286
31.5	0.004187103807926178
31.51	-0.0065797346830368045
31.52	-0.01076683759689331
31.53	-0.004187103807926178
31.54	0.004785261452198029
31.55	0.012561311721801758
31.56	0.01435578465461731
31.57	0.009570522904396058
31.58	0.0011963153630495072
31.59	-0.007177892327308655
31.6	-0.017346572875976563
31.61	-0.027515254020690917
31.62	-0.03529130220413208
31.63	-0.037085776329040525
31.64	-0.030506041049957276
31.65	-0.017944730520248413
31.66	-0.004187103807926178
31.67	0.0035889461636543275
31.68	0.01016867995262146
31.69	0.015552099943161011
31.7	0.02033735990524292
31.71	0.022131834030151367
31.72	0.019141045808792116
31.73	0.011963154077529908
31.74	0.0035889461636543275
31.75	0.0
31.76	0.0011963153630495072
31.77	0.0035889461636543275
31.78	0.0023926307260990144
31.79	-0.0011963153630495072
31.8	-0.007177892327308655
31.81	-0.01016867995262146
31.82	-0.01076683759689331
31.83	-0.01016867995262146
31.84	-0.008972365260124206
31.85	-0.005981577038764954
31.86	-0.0005981576815247536
31.87	0.005383418798446655
31.88	0.012561311721801758
31.89	0.016748415231704714
31.9	0.018542888164520262
31.91	0.017944730520248413
31.92	0.01615025758743286
31.93	0.012561311721801758
31.94	0.007177892327308655
31.95	-0.0005981576815247536
31.96	-0.01435578465461731
31.97	-0.028113410472869874
31.98	-0.03648761749267578
31.99	-0.035889461040496826
32.0	-0.029309725761413573
32.01	-0.020935518741607664
32.02	-0.01495394229888916
32.03	-0.013159469366073609
32.04	-0.012561311721801758
32.05	-0.008972365260124206
32.06	-0.0035889461636543275
32.07	0.0
32.08	0.0023926307260990144
32.09	0.0065797346830368045
32.1	0.015552099943161011
32.11	0.027515254020690917
32.12	0.03648761749267578
32.13	0.037085776329040525
32.14	0.030506041049957276
32.15	0.022131834030151367
32.16	0.015552099943161011
32.17	0.008972365260124206
32.18	0.0011963153630495072
32.19	-0.004187103807926178
32.2	-0.01076683759689331
32.21	-0.01435578465461731
32.22	-0.013159469366073609
32.23	-0.008374207615852357
32.24	-0.002990788519382477
32.25	0.0
32.26	0.0011963153630495072
32.27	0.0005981576815247536
32.28	0.0
32.29	0.0
32.3	0.0
32.31	0.0
32.32	0.0
32.33	0.0
32.34	0.0
32.35	0.0011963153630495072
32.36	0.004785261452198029
32.37	0.008972365260124206
32.38	0.013159469366073609
32.39	0.016748415231704714
32.4	0.017944730520248413
32.41	0.01435578465461731
32.42	0.0077760499715805054
32.43	0.0005981576815247536
32.44	-0.0023926307260990144
32.45	-0.004785261452198029
32.46	-0.0065797346830368045
32.47	-0.0065797346830368045
32.48	-0.0035889461636543275
32.49	0.0
32.5	0.0
32.51	-0.004187103807926178
32.52	-0.007177892327308655
32.53	-0.005981577038764954
32.54	-0.002990788519382477
32.55	-0.002990788519382477
32.56	-0.005981577038764954
32.57	-0.009570522904396058
32.58	-0.009570522904396058
32.59	-0.0077760499715805054
32.6	-0.005383418798446655
32.61	-0.004785261452198029
32.62	-0.0065797346830368045
32.63	-0.008972365260124206
32.64	-0.01076683759689331
32.65	-0.01076683759689331
32.66	-0.008972365260124206
32.67	-0.004187103807926178
32.68	0.0
32.69	0.004187103807926178
32.7	0.005981577038764954
32.71	0.008374207615852357
32.72	0.01076683759689331
32.73	0.013757627010345459
32.74	0.013757627010345459
32.75	0.01016867995262146
32.76	0.0011963153630495072
32.77	-0.008374207615852357
32.78	-0.019141045808792116
32.79	-0.02452446460723877
32.8	-0.020935518741607664
32.81	-0.009570522904396058
32.82	0.002990788519382477
32.83	0.01435578465461731
32.84	0.020935518741607664
32.85	0.02153367519378662
32.86	0.01435578465461731
32.87	0.0005981576815247536
32.88	-0.007177892327308655
32.89	-0.005383418798446655
32.9	0.005383418798446655
32.91	0.019739203453063965
32.92	0.02691709518432617
32.93	0.023926308155059816
32.94	0.01615025758743286
32.95	0.008374207615852357
32.96	0.0
32.97	-0.01016867995262146
32.98	-0.022729990482330324
32.99	-0.031104199886322022
33.0	-0.02990788459777832
33.01	-0.019739203453063965
33.02	-0.004785261452198029
33.03	0.009570522904396058
33.04	0.023926308155059816
33.05	0.03230051517486572
33.06	0.03170235633850098
33.07	0.022729990482330324
33.08	0.009570522904396058
33.09	-0.0011963153630495072
33.1	-0.011364995241165162
33.11	-0.019141045808792116
33.12	-0.02452446460723877
33.13	-0.026318938732147218
33.14	-0.02452446460723877
33.15	-0.018542888164520262
33.16	-0.008972365260124206
33.17	0.0
33.18	0.0065797346830368045
33.19	0.013757627010345459
33.2	0.019739203453063965
33.21	0.022131834030151367
33.22	0.018542888164520262
33.23	0.01076683759689331
33.24	0.0
33.25	-0.011963154077529908
33.26	-0.02332814931869507
33.27	-0.02990788459777832
33.28	-0.02990788459777832
33.29	-0.025122623443603515
33.3	-0.017944730520248413
33.31	-0.01076683759689331
33.32	-0.004187103807926178
33.33	0.0017944730818271637
33.34	0.013159469366073609
33.35	0.02452446460723877
33.36	0.031104199886322022
33.37	0.030506041049957276
33.38	0.023926308155059816
33.39	0.01435578465461731
33.4	0.007177892327308655
33.41	0.0035889461636543275
33.42	0.002990788519382477
33.43	0.0023926307260990144
33.44	0.0005981576815247536
33.45	0.0
33.46	-0.0011963153630495072
33.47	-0.0023926307260990144
33.48	-0.0035889461636543275
33.49	-0.005383418798446655
33.5	-0.008374207615852357
33.51	-0.009570522904396058
33.52	-0.0077760499715805054
33.53	-0.0017944730818271637
33.54	0.0065797346830368045
33.55	0.01495394229888916
33.56	0.019739203453063965
33.57	0.02033735990524292
33.58	0.017944730520248413
33.59	0.01435578465461731
33.6	0.01076683759689331
33.61	0.007177892327308655
33.62	0.004187103807926178
33.63	0.0005981576815247536
33.64	-0.0005981576815247536
33.65	-0.0035889461636543275
33.66	-0.007177892327308655
33.67	-0.013159469366073609
33.68	-0.020935518741607664
33.69	-0.02871156930923462
33.7	-0.03349683046340943
33.71	-0.03289867162704468
33.72	-0.028113410472869874
33.73	-0.018542888164520262
33.74	-0.004187103807926178
33.75	0.011963154077529908
33.76	0.02990788459777832
33.77	0.04067471981048584
33.78	0.041272878646850586
33.79	0.03349683046340943
33.8	0.02332814931869507
33.81	0.01615025758743286
33.82	0.01016867995262146
33.83	0.002990788519382477
33.84	-0.004785261452198029
33.85	-0.013159469366073609
33.86	-0.018542888164520262
33.87	-0.020935518741607664
33.88	-0.023926308155059816
33.89	-0.02691709518432617
33.9	-0.028113410472869874
33.91	-0.026318938732147218
33.92	-0.019739203453063965
33.93	-0.008972365260124206
33.94	0.0017944730818271637
33.95	0.013159469366073609
33.96	0.022131834030151367
33.97	0.028113410472869874
33.98	0.03170235633850098
33.99	0.031104199886322022
34.0	0.026318938732147218
34.01	0.016748415231704714
34.02	0.0017944730818271637
34.03	-0.013757627010345459
34.04	-0.02871156930923462
34.05	-0.03768393278121948
34.06	-0.03828209161758423
34.07	-0.03409498691558838
34.08	-0.027515254020690917
34.09	-0.02033735990524292
34.1	-0.01076683759689331
34.11	0.0
34.12	0.0077760499715805054
34.13	0.013757627010345459
34.14	0.01495394229888916
34.15	0.01016867995262146
34.16	0.002990788519382477
34.17	-0.0005981576815247536
34.18	-0.0005981576815247536
34.19	0.0017944730818271637
34.2	0.0077760499715805054
34.21	0.013159469366073609
34.22	0.017346572875976563
34.23	0.019141045808792116
34.24	0.019141045808792116
34.25	0.017944730520248413
34.26	0.01435578465461731
34.27	0.005981577038764954
34.28	-0.0023926307260990144
34.29	-0.01076683759689331
34.3	-0.013757627010345459
34.31	-0.013159469366073609
34.32	-0.01016867995262146
34.33	-0.0065797346830368045
34.34	-0.0017944730818271637
34.35	0.0
34.36	0.0
34.37	-0.0035889461636543275
34.38	-0.008972365260124206
34.39	-0.013159469366073609
34.4	-0.013159469366073609
34.41	-0.008374207615852357
34.42	0.0
34.43	0.008972365260124206
34.44	0.01615025758743286
34.45	0.02033735990524292
34.46	0.02452446460723877
34.47	0.029309725761413573
34.48	0.03289867162704468
34.49	0.031104199886322022
34.5	0.02153367519378662
34.51	0.008374207615852357
34.52	-0.0023926307260990144
34.53	-0.012561311721801758
34.54	-0.02153367519378662
34.55	-0.02990788459777832
34.56	-0.037085776329040525
34.57	-0.03947840690612793
34.58	-0.03648761749267578
34.59	-0.02871156930923462
34.6	-0.017346572875976563
34.61	-0.0023926307260990144
34.62	0.011364995241165162
34.63	0.02572077989578247
34.64	0.034693145751953126
34.65	0.037085776329040525
34.66	0.03230051517486572
34.67	0.020935518741607664
34.68	0.0077760499715805054
34.69	-0.0023926307260990144
34.7	-0.011364995241165162
34.71	-0.01615025758743286
34.72	-0.015552099943161011
34.73	-0.01076683759689331
34.74	-0.004785261452198029
34.75	0.0
34.76	0.002990788519382477
34.77	0.0017944730818271637
34.78	-0.0017944730818271637
34.79	-0.008374207615852357
34.8	-0.013757627010345459
34.81	-0.015552099943161011
34.82	-0.011364995241165162
34.83	-0.0017944730818271637
34.84	0.008374207615852357
34.85	0.017346572875976563
34.86	0.02153367519378662
34.87	0.022131834030151367
34.88	0.02153367519378662
34.89	0.017346572875976563
34.9	0.009570522904396058
34.91	0.0011963153630495072
34.92	-0.002990788519382477
34.93	-0.002990788519382477
34.94	0.0
34.95	0.002990788519382477
34.96	0.01016867995262146
34.97	0.019141045808792116
34.98	0.027515254020690917
34.99	0.02871156930923462
35.0	0.020935518741607664
35.01	0.0077760499715805054
35.02	-0.0035889461636543275
35.03	-0.017346572875976563
35.04	-0.030506041049957276
35.05	-0.04187103748321533
35.06	-0.04665629863739014
35.07	-0.04187103748321533
35.08	-0.02691709518432617
35.09	-0.0077760499715805054
35.1	0.0077760499715805054
35.11	0.019739203453063965
35.12	0.026318938732147218
35.13	0.028113410472869874
35.14	0.026318938732147218
35.15	0.020935518741607664
35.16	0.011963154077529908
35.17	0.0
35.18	-0.008374207615852357
35.19	-0.013757627010345459
35.2	-0.01495394229888916
35.21	-0.012561311721801758
35.22	-0.009570522904396058
35.23	-0.005981577038764954
35.24	-0.0011963153630495072
35.25	0.002990788519382477
35.26	0.008374207615852357
35.27	0.01076683759689331
35.28	0.008972365260124206
35.29	0.0065797346830368045
35.3	0.005981577038764954
35.31	0.007177892327308655
35.32	0.0065797346830368045
35.33	0.005383418798446655
35.34	0.002990788519382477
35.35	0.0
35.36	-0.0011963153630495072
35.37	-0.0023926307260990144
35.38	-0.0017944730818271637
35.39	-0.0011963153630495072
35.4	-0.002990788519382477
35.41	-0.0065797346830368045
35.42	-0.008972365260124206
35.43	-0.0077760499715805054
35.44	-0.0035889461636543275
35.45	0.0
35.46	-0.0017944730818271637
35.47	-0.0065797346830368045
35.48	-0.008972365260124206
35.49	-0.004785261452198029
35.5	0.002990788519382477
35.51	0.01435578465461731
35.52	0.022729990482330324
35.53	0.026318938732147218
35.54	0.02452446460723877
35.55	0.01615025758743286
35.56	0.0035889461636543275
35.57	-0.008972365260124206
35.58	-0.020935518741607664
35.59	-0.027515254020690917
35.6	-0.02871156930923462
35.61	-0.02452446460723877
35.62	-0.015552099943161011
35.63	-0.004785261452198029
35.64	0.0005981576815247536
35.65	0.0017944730818271637
35.66	-0.0011963153630495072
35.67	-0.0077760499715805054
35.68	-0.01435578465461731
35.69	-0.019739203453063965
35.7	-0.022131834030151367
35.71	-0.019141045808792116
35.72	-0.009570522904396058
35.73	0.002990788519382477
35.74	0.019141045808792116
35.75	0.031104199886322022
35.76	0.037085776329040525
35.77	0.03648761749267578
35.78	0.03170235633850098
35.79	0.02332814931869507
35.8	0.013159469366073609
35.81	0.002990788519382477
35.82	-0.0035889461636543275
35.83	-0.008374207615852357
35.84	-0.009570522904396058
35.85	-0.008374207615852357
35.86	-0.004785261452198029
35.87	0.0
35.88	0.01016867995262146
35.89	0.020935518741607664
35.9	0.029309725761413573
35.91	0.029309725761413573
35.92	0.019739203453063965
35.93	0.002990788519382477
35.94	-0.01076683759689331
35.95	-0.02033735990524292
35.96	-0.022729990482330324
35.97	-0.02033735990524292
35.98	-0.013159469366073609
35.99	-0.004785261452198029
36.0	0.0011963153630495072
36.01	0.005383418798446655
36.02	0.007177892327308655
36.03	0.009570522904396058
36.04	0.011364995241165162
36.05	0.01076683759689331
36.06	0.0065797346830368045
36.07	0.0017944730818271637
36.08	0.0
36.09	0.0
36.1	0.0
36.11	0.0
36.12	0.0
36.13	0.004187103807926178
36.14	0.013159469366073609
36.15	0.022131834030151367
36.16	0.023926308155059816
36.17	0.015552099943161011
36.18	0.0011963153630495072
36.19	-0.01076683759689331
36.2	-0.020935518741607664
36.21	-0.028113410472869874
36.22	-0.031104199886322022
36.23	-0.02990788459777832
36.24	-0.023926308155059816
36.25	-0.015552099943161011
36.26	-0.007177892327308655
36.27	0.0
36.28	0.004785261452198029
36.29	0.0077760499715805054
36.3	0.009570522904396058
36.31	0.011364995241165162
36.32	0.01495394229888916
36.33	0.018542888164520262
36.34	0.018542888164520262
36.35	0.01495394229888916
36.36	0.01016867995262146
36.37	0.007177892327308655
36.38	0.005383418798446655
36.39	0.0023926307260990144
36.4	-0.0011963153630495072
36.41	-0.005981577038764954
36.42	-0.008374207615852357
36.43	-0.0077760499715805054
36.44	-0.0065797346830368045
36.45	-0.0065797346830368045
36.46	-0.0077760499715805054
36.47	-0.008374207615852357
36.48	-0.005981577038764954
36.49	-0.0011963153630495072
36.5	0.004187103807926178
36.51	0.009570522904396058
36.52	0.01076683759689331
36.53	0.007177892327308655
36.54	0.0
36.55	-0.0035889461636543275
36.56	-0.0065797346830368045
36.57	-0.008374207615852357
36.58	-0.01016867995262146
36.59	-0.011963154077529908
36.6	-0.011963154077529908
36.61	-0.0077760499715805054
36.62	0.0
36.63	0.007177892327308655
36.64	0.013159469366073609
36.65	0.016748415231704714
36.66	0.019141045808792116
36.67	0.022131834030151367
36.68	0.025122623443603515
36.69	0.025122623443603515
36.7	0.019739203453063965
36.71	0.009570522904396058
36.72	-0.0005981576815247536
36.73	-0.011364995241165162
36.74	-0.020935518741607664
36.75	-0.030506041049957276
36.76	-0.037085776329040525
36.77	-0.03409498691558838
36.78	-0.02153367519378662
36.79	-0.005383418798446655
36.8	0.005981577038764954
36.81	0.013159469366073609
36.82	0.016748415231704714
36.83	0.018542888164520262
36.84	0.017346572875976563
36.85	0.012561311721801758
36.86	0.004785261452198029
36.87	0.0
36.88	-0.0023926307260990144
36.89	-0.002990788519382477
36.9	-0.005383418798446655
36.91	-0.01076683759689331
36.92	-0.015552099943161011
36.93	-0.01615025758743286
36.94	-0.01076683759689331
36.95	-0.0035889461636543275
36.96	0.0
36.97	0.0
36.98	0.0
36.99	0.0
37.0	0.0011963153630495072
37.01	0.004187103807926178
37.02	0.0065797346830368045
37.03	0.0077760499715805054
37.04	0.008374207615852357
37.05	0.009570522904396058
37.06	0.01016867995262146
37.07	0.01016867995262146
37.08	0.0077760499715805054
37.09	0.004187103807926178
37.1	0.0
37.11	-0.005383418798446655
37.12	-0.011963154077529908
37.13	-0.01435578465461731
37.14	-0.01076683759689331
37.15	-0.0023926307260990144
37.16	0.0035889461636543275
37.17	0.008374207615852357
37.18	0.008972365260124206
37.19	0.007177892327308655
37.2	0.004187103807926178
37.21	0.0
37.22	-0.0017944730818271637
37.23	-0.0023926307260990144
37.24	0.0
37.25	0.0005981576815247536
37.26	0.0023926307260990144
37.27	0.002990788519382477
37.28	0.0035889461636543275
37.29	0.004785261452198029
37.3	0.005981577038764954
37.31	0.005981577038764954
37.32	0.005981577038764954
37.33	0.0065797346830368045
37.34	0.005981577038764954
37.35	0.0035889461636543275
37.36	-0.0005981576815247536
37.37	-0.0065797346830368045
37.38	-0.01076683759689331
37.39	-0.013159469366073609
37.4	-0.012561311721801758
37.41	-0.008972365260124206
37.42	-0.0035889461636543275
37.43	0.0
37.44	0.0023926307260990144
37.45	0.0
37.46	-0.0023926307260990144
37.47	-0.004785261452198029
37.48	-0.0023926307260990144
37.49	0.0
37.5	0.002990788519382477
37.51	0.004187103807926178
37.52	0.005383418798446655
37.53	0.0065797346830368045
37.54	0.005383418798446655
37.55	0.0023926307260990144
37.56	0.0
37.57	-0.0035889461636543275
37.58	-0.0065797346830368045
37.59	-0.0077760499715805054
37.6	-0.0065797346830368045
37.61	-0.002990788519382477
37.62	0.0
37.63	0.005383418798446655
37.64	0.008972365260124206
37.65	0.01076683759689331
37.66	0.009570522904396058
37.67	0.005981577038764954
37.68	0.0005981576815247536
37.69	-0.0011963153630495072
37.7	-0.0023926307260990144
37.71	-0.002990788519382477
37.72	-0.004187103807926178
37.73	-0.005383418798446655
37.74	-0.005383418798446655
37.75	-0.0035889461636543275
37.76	0.0
37.77	0.0017944730818271637
37.78	0.004187103807926178
37.79	0.005383418798446655
37.8	0.005383418798446655
37.81	0.005383418798446655
37.82	0.004187103807926178
37.83	0.0017944730818271637
37.84	0.0
37.85	-0.002990788519382477
37.86	-0.0065797346830368045
37.87	-0.009570522904396058
37.88	-0.01016867995262146
37.89	-0.0077760499715805054
37.9	-0.005383418798446655
37.91	-0.004187103807926178
37.92	-0.0023926307260990144
37.93	0.0
37.94	0.0
37.95	0.0011963153630495072
37.96	0.002990788519382477
37.97	0.007177892327308655
37.98	0.011963154077529908
37.99	0.01495394229888916
38.0	0.013159469366073609
38.01	0.008972365260124206
38.02	0.005383418798446655
38.03	0.0035889461636543275
38.04	0.0035889461636543275
38.05	0.0017944730818271637
38.06	-0.0011963153630495072
38.07	-0.008374207615852357
38.08	-0.01435578465461731
38.09	-0.01615025758743286
38.1	-0.01495394229888916
38.11	-0.01076683759689331
38.12	-0.005383418798446655
38.13	0.0
38.14	0.005383418798446655
38.15	0.009570522904396058
38.16	0.011364995241165162
38.17	0.011364995241165162
38.18	0.012561311721801758
38.19	0.01435578465461731
38.2	0.017346572875976563
38.21	0.019739203453063965
38.22	0.019141045808792116
38.23	0.01495394229888916
38.24	0.008374207615852357
38.25	0.0011963153630495072
38.26	-0.002990788519382477
38.27	-0.005981577038764954
38.28	-0.0065797346830368045
38.29	-0.004187103807926178
38.3	-0.0017944730818271637
38.31	-0.0011963153630495072
38.32	-0.0035889461636543275
38.33	-0.005981577038764954
38.34	-0.008374207615852357
38.35	-0.008972365260124206
38.36	-0.008972365260124206
38.37	-0.0065797346830368045
38.38	-0.0017944730818271637
38.39	0.0011963153630495072
38.4	0.0035889461636543275
38.41	0.0035889461636543275
38.42	0.0035889461636543275
38.43	0.0035889461636543275
38.44	0.0035889461636543275
38.45	0.0023926307260990144
38.46	0.0
38.47	0.0
38.48	-0.0011963153630495072
38.49	-0.002990788519382477
38.5	-0.005981577038764954
38.51	-0.0077760499715805054
38.52	-0.0065797346830368045
38.53	-0.0023926307260990144
38.54	0.0
38.55	0.004187103807926178
38.56	0.005981577038764954
38.57	0.004785261452198029
38.58	0.0011963153630495072
38.59	-0.0011963153630495072
38.6	-0.004187103807926178
38.61	-0.005981577038764954
38.62	-0.004785261452198029
38.63	-0.0005981576815247536
38.64	0.0017944730818271637
38.65	0.004187103807926178
38.66	0.0035889461636543275
38.67	0.002990788519382477
38.68	0.0023926307260990144
38.69	0.0023926307260990144
38.7	0.0023926307260990144
38.71	0.002990788519382477
38.72	0.002990788519382477
38.73	0.0035889461636543275
38.74	0.005383418798446655
38.75	0.0065797346830368045
38.76	0.008374207615852357
38.77	0.008972365260124206
38.78	0.0065797346830368045
38.79	0.002990788519382477
38.8	0.0
38.81	0.0
38.82	0.0011963153630495072
38.83	0.005981577038764954
38.84	0.01076683759689331
38.85	0.01435578465461731
38.86	0.01495394229888916
38.87	0.012561311721801758
38.88	0.007177892327308655
38.89	0.0005981576815247536
38.9	-0.002990788519382477
38.91	-0.005981577038764954
38.92	-0.008972365260124206
38.93	-0.01016867995262146
38.94	-0.008374207615852357
38.95	-0.004187103807926178
38.96	0.0
38.97	0.0005981576815247536
38.98	-0.0011963153630495072
38.99	-0.0077760499715805054
39.0	-0.011963154077529908
39.01	-0.012561311721801758
39.02	-0.009570522904396058
39.03	-0.005383418798446655
39.04	-0.0005981576815247536
39.05	0.0011963153630495072
39.06	0.002990788519382477
39.07	0.005383418798446655
39.08	0.008374207615852357
39.09	0.008972365260124206
39.1	0.005383418798446655
39.11	0.0005981576815247536
39.12	-0.0017944730818271637
39.13	-0.0035889461636543275
39.14	-0.0023926307260990144
39.15	0.0
39.16	0.0011963153630495072
39.17	0.0035889461636543275
39.18	0.0035889461636543275
39.19	0.0017944730818271637
39.2	0.0
39.21	-0.004785261452198029
39.22	-0.008972365260124206
39.23	-0.011963154077529908
39.24	-0.012561311721801758
39.25	-0.011364995241165162
39.26	-0.0077760499715805054
39.27	-0.0023926307260990144
39.28	0.0017944730818271637
39.29	0.0065797346830368045
39.3	0.008374207615852357
39.31	0.008374207615852357
39.32	0.0077760499715805054
39.33	0.0077760499715805054
39.34	0.008374207615852357
39.35	0.0077760499715805054
39.36	0.004785261452198029
39.37	0.0017944730818271637
39.38	0.0005981576815247536
39.39	0.0
39.4	0.0
39.41	0.0
39.42	0.0
39.43	-0.004187103807926178
39.44	-0.01076683759689331
39.45	-0.016748415231704714
39.46	-0.019141045808792116
39.47	-0.017346572875976563
39.48	-0.013757627010345459
39.49	-0.01076683759689331
39.5	-0.008374207615852357
39.51	-0.004785261452198029
39.52	0.0
39.53	0.004785261452198029
39.54	0.009570522904396058
39.55	0.01016867995262146
39.56	0.007177892327308655
39.57	0.004187103807926178
39.58	0.0035889461636543275
39.59	0.005981577038764954
39.6	0.01076683759689331
39.61	0.01435578465461731
39.62	0.013757627010345459
39.63	0.01076683759689331
39.64	0.0077760499715805054
39.65	0.005383418798446655
39.66	0.0035889461636543275
39.67	0.0011963153630495072
39.68	0.0
39.69	0.0017944730818271637
39.7	0.004785261452198029
39.71	0.008374207615852357
39.72	0.011364995241165162
39.73	0.013159469366073609
39.74	0.013757627010345459
39.75	0.013159469366073609
39.76	0.011364995241165162
39.77	0.0077760499715805054
39.78	0.0023926307260990144
39.79	-0.0011963153630495072
39.8	-0.0077760499715805054
39.81	-0.013757627010345459
39.82	-0.018542888164520262
39.83	-0.02033735990524292
39.84	-0.018542888164520262
39.85	-0.011963154077529908
39.86	-0.004187103807926178
39.87	0.0017944730818271637
39.88	0.007177892327308655
39.89	0.009570522904396058
39.9	0.008374207615852357
39.91	0.0035889461636543275
39.92	-0.0005981576815247536
39.93	-0.0065797346830368045
39.94	-0.011963154077529908
39.95	-0.01495394229888916
39.96	-0.01435578465461731
39.97	-0.01076683759689331
39.98	-0.004785261452198029
39.99	-0.0005981576815247536
40.0	0.0005981576815247536
40.01	0.002990788519382477
40.02	0.004785261452198029
40.03	0.007177892327308655
40.04	0.01076683759689331
40.05	0.013757627010345459
40.06	0.01615025758743286
40.07	0.015552099943161011
40.08	0.011963154077529908
40.09	0.0065797346830368045
40.1	0.0017944730818271637
40.11	0.0
40.12	-0.002990788519382477
40.13	-0.007177892327308655
40.14	-0.01076683759689331
40.15	-0.012561311721801758
40.16	-0.011364995241165162
40.17	-0.008972365260124206
40.18	-0.004785261452198029
40.19	-0.0005981576815247536
40.2	0.0017944730818271637
40.21	0.005383418798446655
40.22	0.008972365260124206
40.23	0.011364995241165162
40.24	0.01076683759689331
40.25	0.0077760499715805054
40.26	0.0035889461636543275
40.27	0.0
40.28	-0.0005981576815247536
40.29	-0.002990788519382477
40.3	-0.004785261452198029
40.31	-0.004785261452198029
40.32	-0.0011963153630495072
40.33	0.0017944730818271637
40.34	0.005383418798446655
40.35	0.0077760499715805054
40.36	0.008374207615852357
40.37	0.0077760499715805054
40.38	0.0065797346830368045
40.39	0.004187103807926178
40.4	0.0005981576815247536
40.41	0.0
40.42	-0.0017944730818271637
40.43	-0.002990788519382477
40.44	-0.002990788519382477
40.45	-0.0005981576815247536
40.46	0.0005981576815247536
40.47	0.002990788519382477
40.48	0.002990788519382477
40.49	0.0011963153630495072
40.5	0.0
40.51	0.0
40.52	-0.0011963153630495072
40.53	-0.0023926307260990144
40.54	-0.005383418798446655
40.55	-0.008374207615852357
40.56	-0.009570522904396058
40.57	-0.008972365260124206
40.58	-0.0077760499715805054
40.59	-0.007177892327308655
40.6	-0.007177892327308655
40.61	-0.0065797346830368045
40.62	-0.004785261452198029
40.63	-0.0023926307260990144
40.64	0.0
40.65	0.0005981576815247536
40.66	0.0017944730818271637
40.67	0.0023926307260990144
40.68	0.004187103807926178
40.69	0.005981577038764954
40.7	0.008374207615852357
40.71	0.009570522904396058
40.72	0.008972365260124206
40.73	0.005383418798446655
40.74	0.0017944730818271637
40.75	0.0005981576815247536
40.76	0.002990788519382477
40.77	0.007177892327308655
40.78	0.011364995241165162
40.79	0.012561311721801758
40.8	0.01016867995262146
40.81	0.005981577038764954
40.82	0.0017944730818271637
40.83	0.0
40.84	-0.0017944730818271637
40.85	-0.004785261452198029
40.86	-0.007177892327308655
40.87	-0.008972365260124206
40.88	-0.008972365260124206
40.89	-0.0077760499715805054
40.9	-0.0065797346830368045
40.91	-0.005383418798446655
40.92	-0.0035889461636543275
40.93	-0.002990788519382477
40.94	-0.0023926307260990144
40.95	-0.0017944730818271637
40.96	0.0
40.97	0.0005981576815247536
40.98	0.0035889461636543275
40.99	0.005981577038764954
41.0	0.0065797346830368045
41.01	0.007177892327308655
41.02	0.0065797346830368045
41.03	0.004187103807926178
41.04	0.0
41.05	-0.0011963153630495072
41.06	-0.0023926307260990144
41.07	-0.0011963153630495072
41.08	0.0
41.09	0.0
41.1	0.0
41.11	0.0
41.12	-0.0005981576815247536
41.13	-0.0023926307260990144
41.14	-0.002990788519382477
41.15	-0.0017944730818271637
41.16	0.0
41.17	0.0
41.18	0.0
41.19	0.0
41.2	0.0
41.21	0.0005981576815247536
41.22	0.0005981576815247536
41.23	0.0
41.24	0.0
41.25	0.0
41.26	0.0
41.27	0.0
41.28	0.0017944730818271637
41.29	0.004785261452198029
41.3	0.005383418798446655
41.31	0.002990788519382477
41.32	0.0011963153630495072
41.33	0.0011963153630495072
41.34	0.002990788519382477
41.35	0.0035889461636543275
41.36	0.0017944730818271637
41.37	0.0
41.38	0.0
41.39	0.0
41.4	0.0005981576815247536
41.41	0.0035889461636543275
41.42	0.005981577038764954
41.43	0.0077760499715805054
41.44	0.007177892327308655
41.45	0.005383418798446655
41.46	0.0035889461636543275
41.47	0.002990788519382477
41.48	0.0023926307260990144
41.49	0.0011963153630495072
41.5	0.0
41.51	0.0
41.52	-0.0005981576815247536
41.53	-0.0011963153630495072
41.54	-0.0005981576815247536
41.55	0.0
41.56	0.0
41.57	0.0
41.58	0.0
41.59	0.0
41.6	0.0
41.61	0.0
41.62	0.0005981576815247536
41.63	0.0017944730818271637
41.64	0.0017944730818271637
41.65	0.0011963153630495072
41.66	0.0005981576815247536
41.67	0.0
41.68	0.0
41.69	0.0
41.7	-0.0023926307260990144
41.71	-0.004785261452198029
41.72	-0.005383418798446655
41.73	-0.002990788519382477
41.74	-0.0005981576815247536
41.75	-0.0005981576815247536
41.76	-0.0017944730818271637
41.77	-0.0017944730818271637
41.78	0.0
41.79	0.0
41.8	0.0
41.81	-0.0017944730818271637
41.82	-0.002990788519382477
41.83	-0.0017944730818271637
41.84	0.0
41.85	0.0
41.86	0.0
41.87	0.0
41.88	0.0
41.89	0.0
41.9	-0.0005981576815247536
41.91	-0.0017944730818271637
41.92	-0.0017944730818271637
41.93	-0.0011963153630495072
41.94	0.0
41.95	0.0011963153630495072
41.96	0.0023926307260990144
41.97	0.002990788519382477
41.98	0.0035889461636543275
41.99	0.004785261452198029
42.0	0.005383418798446655
42.01	0.005383418798446655
42.02	0.0035889461636543275
42.03	0.0011963153630495072
42.04	0.0
42.05	0.0
42.06	0.0011963153630495072
42.07	0.0017944730818271637
42.08	0.0011963153630495072
42.09	0.0017944730818271637
42.1	0.002990788519382477
42.11	0.004187103807926178
42.12	0.004187103807926178
42.13	0.0023926307260990144
42.14	0.0011963153630495072
42.15	0.0
42.16	0.0
42.17	0.0
42.18	0.0005981576815247536
42.19	0.0023926307260990144
42.2	0.004187103807926178
42.21	0.004785261452198029
42.22	0.004187103807926178
42.23	0.002990788519382477
42.24	0.0017944730818271637
42.25	0.0011963153630495072
42.26	0.0011963153630495072
42.27	0.0
42.28	0.0
42.29	-0.0005981576815247536
42.3	-0.0011963153630495072
42.31	-0.0017944730818271637
42.32	-0.0023926307260990144
42.33	-0.002990788519382477
42.34	-0.0035889461636543275
42.35	-0.0023926307260990144
42.36	0.0
42.37	0.0
42.38	0.0
42.39	0.0
42.4	-0.0035889461636543275
42.41	-0.005383418798446655
42.42	-0.005981577038764954
42.43	-0.005383418798446655
42.44	-0.004187103807926178
42.45	-0.0017944730818271637
42.46	0.0
42.47	0.0011963153630495072
42.48	0.0035889461636543275
42.49	0.004785261452198029
42.5	0.004785261452198029
42.51	0.0035889461636543275
42.52	0.0017944730818271637
42.53	0.0011963153630495072
42.54	0.0017944730818271637
42.55	0.002990788519382477
42.56	0.0035889461636543275
42.57	0.0023926307260990144
42.58	0.0011963153630495072
42.59	0.0
42.6	0.0
42.61	0.0
42.62	0.0005981576815247536
42.63	0.0023926307260990144
42.64	0.0035889461636543275
42.65	0.004187103807926178
42.66	0.004187103807926178
42.67	0.0023926307260990144
42.68	0.0005981576815247536
42.69	0.0
42.7	0.0
42.71	0.0
42.72	0.0005981576815247536
42.73	0.0
42.74	0.0
42.75	-0.0017944730818271637
42.76	-0.002990788519382477
42.77	-0.004187103807926178
42.78	-0.005981577038764954
42.79	-0.007177892327308655
42.8	-0.007177892327308655
42.81	-0.005383418798446655
42.82	-0.0023926307260990144
42.83	0.0
42.84	0.0
42.85	-0.0017944730818271637
42.86	-0.0035889461636543275
42.87	-0.002990788519382477
42.88	0.0
42.89	0.0005981576815247536
42.9	0.0023926307260990144
42.91	0.002990788519382477
42.92	0.004785261452198029
42.93	0.007177892327308655
42.94	0.008374207615852357
42.95	0.007177892327308655
42.96	0.004187103807926178
42.97	0.0
42.98	-0.0005981576815247536
42.99	0.0
43.0	0.0005981576815247536
43.01	0.0023926307260990144
43.02	0.0023926307260990144
43.03	0.0011963153630495072
43.04	0.0017944730818271637
43.05	0.0035889461636543275
43.06	0.004785261452198029
43.07	0.004785261452198029
43.08	0.0035889461636543275
43.09	0.0011963153630495072
43.1	0.0
43.11	0.0
43.12	0.0
43.13	-0.0005981576815247536
43.14	-0.0011963153630495072
43.15	-0.0017944730818271637
43.16	-0.0023926307260990144
43.17	-0.002990788519382477
43.18	-0.0035889461636543275
43.19	-0.0035889461636543275
43.2	-0.002990788519382477
43.21	-0.0017944730818271637
43.22	0.0
43.23	0.0023926307260990144
43.24	0.005383418798446655
43.25	0.007177892327308655
43.26	0.007177892327308655
43.27	0.0065797346830368045
43.28	0.005383418798446655
43.29	0.002990788519382477
43.3	0.0
43.31	-0.0005981576815247536
43.32	-0.002990788519382477
43.33	-0.004187103807926178
43.34	-0.005383418798446655
43.35	-0.005981577038764954
43.36	-0.005383418798446655
43.37	-0.0023926307260990144
43.38	0.0
43.39	0.0023926307260990144
43.4	0.004187103807926178
43.41	0.004187103807926178
43.42	0.002990788519382477
43.43	0.0017944730818271637
43.44	0.0023926307260990144
43.45	0.0023926307260990144
43.46	0.0023926307260990144
43.47	0.0023926307260990144
43.48	0.002990788519382477
43.49	0.0035889461636543275
43.5	0.004187103807926178
43.51	0.004785261452198029
43.52	0.004785261452198029
43.53	0.002990788519382477
43.54	0.0005981576815247536
43.55	0.0
43.56	0.0
43.57	0.0
43.58	0.0
43.59	0.0
43.6	0.0
43.61	0.0
43.62	0.0
43.63	-0.0005981576815247536
43.64	-0.0005981576815247536
43.65	-0.0011963153630495072
43.66	-0.0023926307260990144
43.67	-0.0035889461636543275
43.68	-0.0035889461636543275
43.69	-0.002990788519382477
43.7	-0.0017944730818271637
43.71	-0.0005981576815247536
43.72	0.0
43.73	-0.0011963153630495072
43.74	-0.004187103807926178
43.75	-0.005383418798446655
43.76	-0.0035889461636543275
43.77	0.0
43.78	0.0017944730818271637
43.79	0.0023926307260990144
43.8	0.0011963153630495072
43.81	0.0
43.82	-0.0005981576815247536
43.83	-0.0023926307260990144
43.84	-0.0035889461636543275
43.85	-0.0035889461636543275
43.86	-0.002990788519382477
43.87	-0.002990788519382477
43.88	-0.002990788519382477
43.89	-0.002990788519382477
43.9	-0.0017944730818271637
43.91	0.0
43.92	0.0
43.93	0.0005981576815247536
43.94	0.0005981576815247536
43.95	0.0017944730818271637
43.96	0.004187103807926178
43.97	0.0065797346830368045
43.98	0.0077760499715805054
43.99	0.0077760499715805054
44.0	0.0065797346830368045
44.01	0.005981577038764954
44.02	0.005981577038764954
44.03	0.007177892327308655
44.04	0.0065797346830368045
44.05	0.005383418798446655
44.06	0.002990788519382477
44.07	0.0017944730818271637
44.08	0.0011963153630495072
44.09	0.0005981576815247536
44.1	0.0
44.11	0.0
44.12	0.0
44.13	0.0
44.14	0.002990788519382477
44.15	0.005981577038764954
44.16	0.007177892327308655
44.17	0.007177892327308655
44.18	0.007177892327308655
44.19	0.0077760499715805054
44.2	0.008972365260124206
44.21	0.008972365260124206
44.22	0.007177892327308655
44.23	0.004187103807926178
44.24	0.0011963153630495072
44.25	0.0
44.26	0.0
44.27	0.0017944730818271637
44.28	0.0035889461636543275
44.29	0.0035889461636543275
44.3	0.0023926307260990144
44.31	0.0
44.32	-0.0005981576815247536
44.33	-0.0011963153630495072
44.34	-0.0023926307260990144
44.35	-0.004187103807926178
44.36	-0.0077760499715805054
44.37	-0.01076683759689331
44.38	-0.011364995241165162
44.39	-0.009570522904396058
44.4	-0.0077760499715805054
44.41	-0.007177892327308655
44.42	-0.0077760499715805054
44.43	-0.008374207615852357
44.44	-0.0077760499715805054
44.45	-0.005981577038764954
44.46	-0.0035889461636543275
44.47	-0.0011963153630495072
44.48	0.0
44.49	0.0011963153630495072
44.5	0.0035889461636543275
44.51	0.0065797346830368045
44.52	0.008374207615852357
44.53	0.007177892327308655
44.54	0.0035889461636543275
44.55	0.0
44.56	-0.0023926307260990144
44.57	-0.0035889461636543275
44.58	-0.004187103807926178
44.59	-0.004785261452198029
44.6	-0.005383418798446655
44.61	-0.0035889461636543275
44.62	-0.0011963153630495072
44.63	0.0
44.64	0.0
44.65	0.0
44.66	0.0
44.67	0.0
44.68	0.0
44.69	0.0
44.7	0.0
44.71	0.0
44.72	0.0
44.73	0.0005981576815247536
44.74	0.0017944730818271637
44.75	0.0035889461636543275
44.76	0.004187103807926178
44.77	0.002990788519382477
44.78	0.0017944730818271637
44.79	0.0011963153630495072
44.8	0.0005981576815247536
44.81	0.0005981576815247536
44.82	0.0
44.83	0.0
44.84	0.0
44.85	0.0
44.86	0.0005981576815247536
44.87	0.002990788519382477
44.88	0.007177892327308655
44.89	0.011364995241165162
44.9	0.013159469366073609
44.91	0.013159469366073609
44.92	0.01016867995262146
44.93	0.0065797346830368045
44.94	0.0035889461636543275
44.95	0.0023926307260990144
44.96	0.0011963153630495072
44.97	0.0
44.98	-0.002990788519382477
44.99	-0.005383418798446655
45.0	-0.005981577038764954
45.01	-0.005383418798446655
45.02	-0.004785261452198029
45.03	-0.005981577038764954
45.04	-0.005383418798446655
45.05	-0.0023926307260990144
45.06	0.0
45.07	0.0023926307260990144
45.08	0.0035889461636543275
45.09	0.0035889461636543275
45.1	0.0023926307260990144
45.11	0.0017944730818271637
45.12	0.0005981576815247536
45.13	0.0
45.14	-0.0011963153630495072
45.15	-0.0023926307260990144
45.16	-0.004187103807926178
45.17	-0.0065797346830368045
45.18	-0.008374207615852357
45.19	-0.008972365260124206
45.2	-0.0077760499715805054
45.21	-0.005981577038764954
45.22	-0.004187103807926178
45.23	-0.002990788519382477
45.24	-0.0023926307260990144
45.25	-0.0005981576815247536
45.26	0.0005981576815247536
45.27	0.004187103807926178
45.28	0.0065797346830368045
45.29	0.007177892327308655
45.3	0.008374207615852357
45.31	0.01016867995262146
45.32	0.011364995241165162
45.33	0.01076683759689331
45.34	0.0077760499715805054
45.35	0.004785261452198029
45.36	0.002990788519382477
45.37	0.0017944730818271637
45.38	0.0005981576815247536
45.39	0.0
45.4	0.0
45.41	0.0
45.42	0.0
45.43	0.0
45.44	0.0
45.45	-0.0011963153630495072
45.46	-0.0035889461636543275
45.47	-0.005981577038764954
45.48	-0.0077760499715805054
45.49	-0.0065797346830368045
45.5	-0.002990788519382477
45.51	0.0
45.52	0.0
45.53	0.0
45.54	0.0011963153630495072
45.55	0.0017944730818271637
45.56	0.0011963153630495072
45.57	0.0
45.58	0.0
45.59	-0.0005981576815247536
45.6	-0.0023926307260990144
45.61	-0.004187103807926178
45.62	-0.004785261452198029
45.63	-0.0023926307260990144
45.64	0.0
45.65	0.002990788519382477
45.66	0.004187103807926178
45.67	0.0035889461636543275
45.68	0.002990788519382477
45.69	0.0023926307260990144
45.7	0.0011963153630495072
45.71	0.0
45.72	0.0
45.73	0.0011963153630495072
45.74	0.0017944730818271637
45.75	0.0005981576815247536
45.76	0.0
45.77	0.0
45.78	-0.0011963153630495072
45.79	-0.0017944730818271637
45.8	-0.0017944730818271637
45.81	-0.0005981576815247536
45.82	0.0
45.83	0.0011963153630495072
45.84	0.0017944730818271637
45.85	0.002990788519382477
45.86	0.005383418798446655
45.87	0.0065797346830368045
45.88	0.007177892327308655
45.89	0.0065797346830368045
45.9	0.005383418798446655
45.91	0.004187103807926178
45.92	0.0035889461636543275
45.93	0.0023926307260990144
45.94	0.0011963153630495072
45.95	0.0
45.96	-0.0005981576815247536
45.97	-0.0017944730818271637
45.98	-0.0023926307260990144
45.99	-0.0023926307260990144
46.0	-0.0023926307260990144
46.01	-0.002990788519382477
46.02	-0.002990788519382477
46.03	-0.0023926307260990144
46.04	-0.0023926307260990144
46.05	-0.002990788519382477
46.06	-0.002990788519382477
46.07	-0.0023926307260990144
46.08	-0.0011963153630495072
46.09	0.0
46.1	0.0
46.11	0.0
46.12	0.0017944730818271637
46.13	0.0035889461636543275
46.14	0.004187103807926178
46.15	0.004785261452198029
46.16	0.002990788519382477
46.17	0.0011963153630495072
46.18	0.0
46.19	0.0
46.2	0.0005981576815247536
46.21	0.0011963153630495072
46.22	0.0011963153630495072
46.23	0.0017944730818271637
46.24	0.0011963153630495072
46.25	0.0011963153630495072
46.26	0.0005981576815247536
46.27	0.0011963153630495072
46.28	0.0017944730818271637
46.29	0.0017944730818271637
46.3	0.0005981576815247536
46.31	0.0
46.32	-0.0017944730818271637
46.33	-0.0017944730818271637
46.34	-0.0005981576815247536
46.35	0.0
46.36	0.0
46.37	0.0011963153630495072
46.38	0.0017944730818271637
46.39	0.0011963153630495072
46.4	0.0
46.41	0.0
46.42	0.0
46.43	0.0
46.44	0.0
46.45	0.0011963153630495072
46.46	0.0023926307260990144
46.47	0.0023926307260990144
46.48	0.0017944730818271637
46.49	0.0017944730818271637
46.5	0.0005981576815247536
46.51	0.0
46.52	-0.0011963153630495072
46.53	-0.0017944730818271637
46.54	0.0
46.55	0.0011963153630495072
46.56	0.0017944730818271637
46.57	0.0005981576815247536
46.58	0.0
46.59	0.0
46.6	0.0
46.61	0.0
46.62	-0.0005981576815247536
46.63	-0.0017944730818271637
46.64	-0.0023926307260990144
46.65	-0.0017944730818271637
46.66	-0.0023926307260990144
46.67	-0.0023926307260990144
46.68	-0.0023926307260990144
46.69	-0.0023926307260990144
46.7	-0.0035889461636543275
46.71	-0.004785261452198029
46.72	-0.004785261452198029
46.73	-0.0023926307260990144
46.74	0.0
46.75	0.0017944730818271637
46.76	0.0035889461636543275
46.77	0.005383418798446655
46.78	0.0077760499715805054
46.79	0.008972365260124206
46.8	0.008374207615852357
46.81	0.005981577038764954
46.82	0.004187103807926178
46.83	0.0035889461636543275
46.84	0.0035889461636543275
46.85	0.0023926307260990144
46.86	0.0
46.87	0.0
46.88	-0.0005981576815247536
46.89	0.0
46.9	0.0
46.91	0.0
46.92	0.0
46.93	0.0
46.94	-0.0005981576815247536
46.95	-0.0005981576815247536
46.96	0.0
46.97	0.0
46.98	0.0
46.99	0.0011963153630495072
47.0	0.0023926307260990144
47.01	0.0017944730818271637
47.02	0.0011963153630495072
47.03	0.0005981576815247536
47.04	0.0
47.05	0.0
47.06	-0.002990788519382477
47.07	-0.004785261452198029
47.08	-0.004187103807926178
47.09	-0.0023926307260990144
47.1	-0.0005981576815247536
47.11	0.0
47.12	0.0
47.13	0.0017944730818271637
47.14	0.0035889461636543275
47.15	0.004785261452198029
47.16	0.004785261452198029
47.17	0.002990788519382477
47.18	0.0011963153630495072
47.19	0.0005981576815247536
47.2	0.0
47.21	0.0
47.22	-0.0005981576815247536
47.23	-0.0011963153630495072
47.24	-0.0005981576815247536
47.25	0.0
47.26	0.0
47.27	0.0
47.28	0.0011963153630495072
47.29	0.0023926307260990144
47.3	0.002990788519382477
47.31	0.002990788519382477
47.32	0.004187103807926178
47.33	0.005383418798446655
47.34	0.005981577038764954
47.35	0.0065797346830368045
47.36	0.007177892327308655
47.37	0.008374207615852357
47.38	0.0077760499715805054
47.39	0.007177892327308655
47.4	0.005383418798446655
47.41	0.002990788519382477
47.42	0.0005981576815247536
47.43	0.0
47.44	0.0
47.45	-0.0005981576815247536
47.46	-0.0017944730818271637
47.47	-0.002990788519382477
47.48	-0.0035889461636543275
47.49	-0.0023926307260990144
47.5	-0.0023926307260990144
47.51	-0.0035889461636543275
47.52	-0.005383418798446655
47.53	-0.005981577038764954
47.54	-0.004785261452198029
47.55	-0.0023926307260990144
47.56	-0.0005981576815247536
47.57	0.0
47.58	0.0
47.59	0.0005981576815247536
47.6	0.0023926307260990144
47.61	0.004785261452198029
47.62	0.0065797346830368045
47.63	0.005383418798446655
47.64	0.0035889461636543275
47.65	0.0005981576815247536
47.66	0.0
47.67	0.0
47.68	0.0
47.69	0.0
47.7	0.0005981576815247536
47.71	0.0005981576815247536
47.72	0.0
47.73	0.0
47.74	0.0
47.75	-0.0017944730818271637
47.76	-0.002990788519382477
47.77	-0.002990788519382477
47.78	-0.0017944730818271637
47.79	-0.0011963153630495072
47.8	-0.0017944730818271637
47.81	-0.0035889461636543275
47.82	-0.004785261452198029
47.83	-0.004785261452198029
47.84	-0.002990788519382477
47.85	-0.0005981576815247536
47.86	0.0
47.87	0.0
47.88	0.0005981576815247536
47.89	0.0023926307260990144
47.9	0.004187103807926178
47.91	0.007177892327308655
47.92	0.01016867995262146
47.93	0.011963154077529908
47.94	0.012561311721801758
47.95	0.011364995241165162
47.96	0.009570522904396058
47.97	0.007177892327308655
47.98	0.004187103807926178
47.99	0.0017944730818271637
48.0	0.0005981576815247536
