0.709631
0.745490
1.043561
2.165629
1.826994
0.934226
1.210743
1.544383
1.643235
1.942410
1.295192
1.005699
1.167596
1.095966
0.814901
0.918382
0.747086
0.750907
0.782769
0.831778
0.873495
0.900646
0.910475
0.896861
0.866416
0.844715
0.830520
0.801506
0.761504
0.718654
0.677205
0.635127
0.605502
0.578934
0.552337
0.525830
0.501816
0.479289
0.457257
0.434643
0.412275
0.390042
0.368940
0.348582
0.330862
0.319624
0.308215
0.297001
0.285849
0.275502
0.264391
0.253170
0.244842
0.237362
0.230082
0.224292
0.218259
0.212975
0.209876
0.206397
0.202869
0.199175
0.195093
0.190250
0.184857
0.178979
0.172736
0.166356
0.159627
0.152825
0.146319
0.139835
0.133324
0.126995
0.121142
0.115649
0.110447
0.105333
0.100661
0.097374
0.095466
0.093606
0.091403
0.089078
0.086652
0.084187
0.081698
0.079173
0.076619
0.074097
0.071657
0.069317
0.067092
0.064960
0.062879
0.060810
0.059331
0.058111
0.056828
0.055510
0.054214
0.053006
0.051939
0.051038
0.050294
0.049661
0.049074
0.048460
0.047757
0.046924
0.045950
0.044849
0.043660
0.042435
0.041228
0.040088
0.039052
0.038138
0.037351
0.036679
0.036104
