0.147541
0.167673
0.211280
0.494250
0.467674
0.324504
0.349978
0.298132
0.336936
0.358295
0.202503
0.219039
0.206597
0.188978
0.178385
0.181740
0.125930
0.101980
0.108021
0.112273
0.125615
0.137065
0.157071
0.151148
0.131872
0.115182
0.098773
0.101673
0.110062
0.109857
0.112085
0.113094
0.105110
0.093204
0.075434
0.070075
0.062056
0.053931
0.053911
0.050053
0.046619
0.047568
0.053502
0.058526
0.060442
0.058502
0.053565
0.048222
0.048274
0.046295
0.042112
0.038009
0.035568
0.032680
0.029953
0.027915
0.026444
0.025055
0.023471
0.021921
0.020685
0.019803
0.019256
0.020002
0.020264
0.020284
0.020278
0.021520
0.022454
0.023689
0.025547
0.026740
0.026878
0.025829
0.024070
0.024139
0.023665
0.022859
0.021878
0.020977
0.020104
0.019235
0.018399
0.017707
0.017071
0.016529
0.015975
0.015444
0.014847
0.014171
0.013468
0.012817
0.012311
0.012030
0.011994
0.012184
0.012454
0.012557
0.012644
0.012643
0.012606
0.012573
0.012542
0.012807
0.013121
0.013320
0.013352
0.013213
0.012923
0.012517
0.012054
0.011553
0.010999
0.010403
0.009787
0.009238
0.008647
0.008052
0.007494
0.007007
0.006700
