0.151715
0.169697
0.319174
0.453692
0.657031
0.310980
0.281440
0.165046
0.172804
0.160668
0.126326
0.127362
0.113879
0.080867
0.070034
0.069879
0.060106
0.055238
0.070694
0.070149
0.054645
0.044112
0.041130
0.043660
0.047419
0.047004
0.047060
0.050957
0.048184
0.045355
0.042771
0.039153
0.042090
0.040547
0.035960
0.034332
0.034129
0.032598
0.030531
0.029103
0.028789
0.030081
0.030671
0.027883
0.026357
0.026501
0.026387
0.024937
0.024370
0.022218
0.020619
0.018436
0.018712
0.019021
0.019179
0.019102
0.018569
0.017558
0.016263
0.014914
0.014886
0.015316
0.015764
0.015794
0.015509
0.015041
0.014521
0.015483
0.016193
0.017016
0.017196
0.016496
0.015202
0.013720
0.012912
0.012461
0.012062
0.011789
0.011778
0.012045
0.012482
0.012905
0.013137
0.013091
0.012764
0.012316
0.012072
0.011435
0.010713
0.009993
0.009686
0.009288
0.008976
0.008837
0.008740
0.008989
0.009150
0.009301
0.009418
0.009411
0.009296
0.009118
0.008933
0.008783
0.008883
0.009029
0.009132
0.009484
0.010000
0.010495
0.010915
0.011263
0.011514
0.011719
0.011857
0.011874
0.011789
0.011600
0.011247
0.011085
0.010912
