0.568472
0.570539
0.825031
1.026411
1.296743
1.405611
1.230730
1.209816
1.069361
1.336176
1.296812
1.424248
1.379104
1.568437
1.735897
1.550805
1.561516
1.526413
1.498900
1.275398
0.953899
0.877367
0.783172
0.834562
0.774826
0.706235
0.662041
0.623915
0.597468
0.567806
0.603081
0.566286
0.457291
0.439783
0.384148
0.325285
0.326308
0.348416
0.384471
0.381232
0.341410
0.344491
0.339905
0.331099
0.316033
0.291807
0.261022
0.230170
0.204924
0.177964
0.173150
0.167421
0.170083
0.170984
0.170295
0.168239
0.167574
0.160993
0.149457
0.140681
0.139730
0.145887
0.154049
0.159112
0.160272
0.160036
0.159705
0.157145
0.149933
0.138780
0.127195
0.119018
0.117182
0.119449
0.122937
0.124661
0.124644
0.127280
0.129198
0.131405
0.134110
0.136311
0.138115
0.139945
0.141719
0.143241
0.144160
0.144030
0.143522
0.141589
0.137895
0.132642
0.127501
0.128048
0.127618
0.125748
0.122307
0.117505
0.111573
0.104814
0.100062
0.095772
0.090700
0.085217
0.079389
0.074992
0.073244
0.071483
0.069714
0.067947
0.066189
0.064437
0.062693
0.060945
0.060614
0.060242
0.059578
0.058538
0.059484
0.060261
0.060421
