0.291541
0.352682
0.647962
0.684083
0.673495
0.620084
0.443575
0.420263
0.403843
0.460485
0.435555
0.397450
0.468492
0.490244
0.495193
0.477405
0.460058
0.369783
0.387430
0.346819
0.305170
0.268336
0.223682
0.209096
0.198079
0.216968
0.244351
0.268564
0.295946
0.272927
0.226023
0.187003
0.162757
0.134629
0.118050
0.113161
0.107790
0.118094
0.130286
0.136276
0.142388
0.144911
0.153196
0.157795
0.156953
0.145660
0.125603
0.101773
0.085639
0.072566
0.074084
0.075635
0.076714
0.079374
0.083180
0.085772
0.085384
0.082376
0.077738
0.074817
0.073580
0.069275
0.063360
0.056814
0.052183
0.057984
0.061595
0.063195
0.063343
0.062626
0.061562
0.059869
0.060265
0.064693
0.071141
0.075659
0.078402
0.080929
0.080031
0.076550
0.072184
0.066657
0.060996
0.055991
0.052036
0.048926
0.046602
0.044533
0.042750
0.041131
0.039595
0.038322
0.037436
0.037080
0.037258
0.037821
0.038709
0.039695
0.041148
0.042366
0.043297
0.043848
0.043971
0.043665
0.043145
0.042382
0.041251
0.039726
0.037882
0.035905
0.033632
0.031134
0.029473
0.027849
0.026025
0.025008
0.024344
0.023545
0.022651
0.021715
0.020786
