0.285559
0.296196
0.318503
0.409381
0.457994
0.538217
0.598706
0.597999
0.632777
0.778514
1.304991
0.910013
0.782022
0.880044
0.777463
0.730151
0.637054
0.686635
0.672456
0.674739
0.622097
0.642671
0.616684
0.522784
0.493325
0.505570
0.491079
0.546863
0.576594
0.545764
0.502070
0.486226
0.542351
0.586424
0.534530
0.505123
0.517790
0.567600
0.566261
0.546301
0.526438
0.522828
0.529270
0.543997
0.575921
0.595502
0.566585
0.489094
0.489987
0.508605
0.510305
0.544414
0.580863
0.604893
0.608018
0.577023
0.524362
0.460136
0.456472
0.439035
0.415887
0.394037
0.366476
0.334692
0.340174
0.344811
0.340785
0.334615
0.329023
0.323158
0.314400
0.301986
0.294918
0.288368
0.279393
0.269511
0.259715
0.250528
0.241833
0.232860
0.223062
0.220766
0.220133
0.218230
0.215266
0.211143
0.206017
0.200682
0.195582
0.191073
0.187731
0.186547
0.187932
0.190559
0.192174
0.190753
0.185665
0.177942
0.169138
0.160741
0.153709
0.148304
0.143743
0.147201
0.152232
0.153890
0.151662
0.145782
0.137494
0.130532
0.124099
0.117269
0.110577
0.104412
0.099015
0.094687
0.092559
0.090443
0.089909
0.091081
0.092067
