0.896090
0.935939
1.087130
1.418264
1.948512
2.694757
2.965040
4.615643
2.736667
1.402596
1.095242
0.940659
0.683786
0.554716
0.476255
0.475191
0.477413
0.499741
0.547076
0.552092
0.527547
0.491869
0.440476
0.419793
0.447567
0.446774
0.412842
0.356410
0.332094
0.295640
0.261722
0.235965
0.222354
0.208463
0.196315
0.184264
0.171122
0.157906
0.146076
0.136730
0.129086
0.122012
0.115628
0.110145
0.104828
0.099487
0.094100
0.089138
0.085051
0.081063
0.076591
0.071946
0.067692
0.064328
0.061736
0.059178
0.056400
0.053888
0.051812
0.049861
0.048368
0.047152
0.046056
0.044922
0.043622
0.042246
0.040993
0.039975
0.039151
0.038365
0.037462
0.036409
0.035314
0.034323
0.033492
0.032737
0.031906
0.030878
0.029629
0.028284
0.028021
0.027569
0.026997
0.026392
0.025824
0.025314
0.024817
0.024289
0.023683
0.023004
0.022301
0.021642
0.021078
0.020613
0.020197
0.019752
0.019202
0.018510
0.017694
0.016824
0.015997
0.015309
0.015106
0.015206
0.015362
0.015492
0.015507
0.015360
0.015047
0.014604
0.014092
0.013585
0.013150
0.012836
0.012665
0.012638
0.012730
0.012906
0.013124
0.013346
0.013542
