0.388044
0.584417
0.703905
0.727735
1.353524
2.283140
1.677541
0.911134
0.626827
0.396182
0.273396
0.312186
0.255456
0.190732
0.160831
0.140201
0.098498
0.098659
0.105409
0.109389
0.113522
0.109476
0.106007
0.102561
0.090453
0.078507
0.075336
0.075820
0.072078
0.064187
0.058386
0.052507
0.050976
0.049707
0.044052
0.039807
0.039548
0.037638
0.035432
0.034618
0.030286
0.027802
0.024718
0.023141
0.023814
0.025846
0.027862
0.029116
0.028372
0.025732
0.022736
0.019951
0.017749
0.016860
0.015902
0.015383
0.015501
0.015385
0.015553
0.015507
0.015399
0.015318
0.014925
0.014784
0.014681
0.014626
0.014639
0.014584
0.014220
0.013461
0.012502
0.011647
0.011084
0.010817
0.010771
0.010877
0.011067
0.011223
0.011196
0.011004
0.011039
0.010752
0.010236
0.009656
0.009167
0.008863
0.008751
0.008782
0.008879
0.008973
0.009016
0.008986
0.008883
0.008720
0.008520
0.008308
0.008110
0.007941
0.007808
0.007706
0.007618
0.007519
0.007469
0.007384
0.007237
0.007025
0.006756
0.006448
0.006302
0.006122
0.005916
0.005705
0.005505
0.005343
0.005452
0.005547
0.005733
0.005822
0.006026
0.006232
0.006325
