3.741317
4.139133
5.070661
8.170939
8.198462
9.415426
12.228477
15.091595
15.575720
14.239305
13.925333
13.956989
12.712739
10.758158
12.922605
9.114226
7.927365
6.181175
5.327759
5.146564
4.563939
4.483745
4.926128
5.327175
5.064520
5.320183
5.244398
4.476343
3.760805
3.328086
3.293912
3.523117
3.904113
3.848793
3.451494
3.074973
2.760048
2.765189
2.707623
2.666068
2.436092
2.160315
2.243416
2.356523
2.290612
2.052396
1.775820
1.739735
1.759211
1.890411
1.942886
1.866954
1.896934
1.894586
1.835650
1.857295
1.909564
1.939662
1.934700
1.862946
1.809893
1.706467
1.546489
1.370502
1.222567
1.116602
1.077160
1.037494
0.993613
1.012227
1.078754
1.126779
1.131860
1.085554
1.066637
1.026038
0.954560
0.991752
1.059283
1.115345
1.147351
1.157607
1.148741
1.124052
1.086916
1.039658
0.982350
0.914989
0.841184
0.773615
0.728964
0.690589
0.664540
0.653433
0.643064
0.637090
0.617076
0.583782
0.540747
0.533419
0.563098
0.593736
0.621550
0.644952
0.663511
0.676981
0.690229
0.697401
0.694140
0.683152
0.675253
0.662292
0.651065
0.631966
0.610766
0.583886
0.573397
0.573479
0.569458
0.561203
0.548950
