0.343502
0.353678
0.402692
0.545223
0.837762
1.149511
1.485933
1.197762
1.067726
0.825486
0.882957
0.900006
0.648755
0.788663
0.647237
0.622083
0.555266
0.462844
0.418094
0.405308
0.356523
0.366896
0.389418
0.387949
0.450658
0.548579
0.490504
0.449580
0.441464
0.465344
0.449153
0.409586
0.391284
0.383119
0.455695
0.488614
0.496467
0.515512
0.485666
0.487787
0.498132
0.539337
0.564964
0.541064
0.482401
0.435129
0.417412
0.416448
0.413945
0.409580
0.416724
0.429942
0.433852
0.429765
0.421918
0.408382
0.393264
0.378176
0.358182
0.375104
0.398145
0.414207
0.422033
0.417403
0.398309
0.373561
0.336458
0.293292
0.297090
0.308184
0.311944
0.304755
0.295525
0.310364
0.319937
0.324308
0.328121
0.325775
0.317384
0.304243
0.288240
0.272906
0.259876
0.250661
0.245524
0.243420
0.242952
0.243035
0.242906
0.242271
0.242045
0.242120
0.240124
0.236017
0.246238
0.253919
0.257559
0.257279
0.253791
0.248138
0.241459
0.235039
0.229863
0.226535
0.225102
0.225218
0.226212
0.227341
0.228006
0.227793
0.226553
0.224443
0.221618
0.218217
0.214434
0.210537
0.206804
0.203608
0.201198
0.199105
0.196871
