2.840369
2.896171
3.655699
3.983182
4.943977
9.458319
16.087493
8.372451
6.769111
8.347788
8.083083
7.148034
6.196585
6.612527
7.507556
5.895658
4.839285
6.404498
6.101944
5.870324
5.179987
5.000025
5.151040
5.308467
4.375158
3.317199
2.605944
2.703825
3.194955
3.480145
3.317596
3.225025
3.025301
2.793537
2.819041
3.039154
2.932514
2.612480
2.302242
2.160958
1.978637
1.970643
2.132136
2.313713
2.387072
2.252640
2.023551
1.809020
1.600355
1.387664
1.377271
1.421915
1.441726
1.503641
1.646819
1.790341
1.923615
1.982573
1.997876
1.998103
2.009271
2.037312
2.053754
1.993215
1.843179
1.807725
1.709697
1.571945
1.412886
1.329424
1.264173
1.217438
1.193618
1.188999
1.194564
1.195927
1.202556
1.186596
1.154871
1.116069
1.097485
1.087813
1.079677
1.061690
1.023006
0.962979
0.889532
0.819169
0.863351
0.891503
0.896291
0.883042
0.857921
0.843664
0.846353
0.831305
0.824696
0.828317
0.811374
0.780895
0.745882
0.713551
0.690191
0.681303
0.674514
0.659786
0.665579
0.669973
0.661535
0.645078
0.624820
0.609383
0.594295
0.573038
0.547365
0.519561
0.492579
0.480972
0.469492
0.462066
0.457675
