0.328044
0.340722
0.405813
0.492850
1.133298
1.361777
1.146229
0.983382
0.522610
0.411622
0.430392
0.453618
0.531159
0.352355
0.309736
0.304038
0.378832
0.342557
0.380040
0.363029
0.364572
0.327244
0.219028
0.266686
0.289028
0.285225
0.287088
0.291815
0.267040
0.239384
0.251312
0.274047
0.270493
0.260598
0.229178
0.211841
0.202277
0.177657
0.159798
0.149782
0.139097
0.131998
0.135003
0.145903
0.155855
0.156612
0.161725
0.166892
0.168876
0.171410
0.173777
0.172059
0.171546
0.168078
0.159552
0.146287
0.129887
0.112629
0.098449
0.095788
0.093359
0.090935
0.088927
0.086869
0.084135
0.081763
0.079870
0.077936
0.075870
0.074529
0.073774
0.072523
0.076446
0.081852
0.086468
0.090256
0.093191
0.095425
0.096838
0.097454
0.097298
0.097583
0.098036
0.097915
0.097326
0.096289
0.094906
0.093176
0.091028
0.088819
0.087468
0.086846
0.086137
0.084838
0.082906
0.082267
0.081102
0.079465
0.077403
0.074934
0.072191
0.069233
0.066075
0.062792
0.059893
0.057870
0.055695
0.053407
0.051652
0.051922
0.051679
0.051608
0.051308
0.050705
0.049853
0.048835
0.047943
0.047482
0.046746
0.046237
0.045732
