0.275705
0.287611
0.354870
0.456620
0.833014
1.612160
0.822355
0.604966
0.511156
0.398859
0.338800
0.324971
0.319267
0.267431
0.263650
0.249147
0.235540
0.214063
0.158132
0.154505
0.174468
0.171226
0.187235
0.207013
0.198138
0.199502
0.212681
0.207333
0.203071
0.189847
0.160669
0.121968
0.101768
0.091349
0.098995
0.108376
0.112009
0.104893
0.097899
0.090962
0.088252
0.088660
0.089280
0.087956
0.087441
0.085821
0.084161
0.085725
0.084234
0.087694
0.092354
0.090266
0.090151
0.094615
0.091897
0.084151
0.075658
0.067123
0.059911
0.058553
0.053648
0.046047
0.041309
0.040441
0.041352
0.042862
0.043175
0.043030
0.042491
0.041243
0.039292
0.038188
0.037962
0.038973
0.041948
0.044872
0.046614
0.046685
0.045407
0.043492
0.041621
0.040132
0.039020
0.038183
0.037511
0.037938
0.037846
0.036772
0.035123
0.032472
0.031474
0.031502
0.031142
0.031249
0.031085
0.030983
0.031132
0.030996
0.030575
0.029934
0.029057
0.027970
0.026792
0.025831
0.025094
0.024362
0.023555
0.022713
0.022020
0.022911
0.024377
0.025808
0.027097
0.028140
0.028900
0.029341
0.029392
0.029070
0.028553
0.027765
0.026584
