0.081634
0.090048
0.141904
0.220269
0.309224
0.361442
0.219142
0.173689
0.145545
0.148558
0.145792
0.135315
0.111544
0.105438
0.125450
0.111836
0.123322
0.107950
0.102270
0.102381
0.099436
0.082401
0.079401
0.085808
0.091602
0.080162
0.081464
0.077768
0.084814
0.091354
0.087718
0.073173
0.077715
0.083666
0.093731
0.103036
0.109085
0.113748
0.120674
0.126955
0.128670
0.128145
0.123095
0.116694
0.105096
0.093038
0.078674
0.063799
0.055925
0.059222
0.063206
0.064611
0.063528
0.062129
0.061366
0.060963
0.059427
0.057726
0.053011
0.052275
0.051617
0.051306
0.051353
0.050693
0.048638
0.046092
0.046735
0.047820
0.047586
0.046679
0.045853
0.045910
0.048027
0.048495
0.047064
0.044035
0.040126
0.037321
0.036919
0.036437
0.035236
0.033469
0.031935
0.031226
0.031332
0.031772
0.032020
0.031877
0.032104
0.032367
0.032561
0.032643
0.032585
0.032251
0.031367
0.030006
0.028381
0.026638
0.024955
0.023438
0.022099
0.021008
0.020185
0.019608
0.019291
0.019126
0.019022
0.018884
0.019259
0.019858
0.020408
0.020866
0.021137
0.021220
0.021092
0.020701
0.020008
0.019288
0.018702
0.018179
0.018414
