0.455060
0.483627
0.516687
0.787225
1.680971
1.806832
1.092449
1.134443
0.735810
0.742245
0.464281
0.497608
0.381711
0.320823
0.323021
0.268543
0.221468
0.214042
0.219958
0.221488
0.203812
0.213625
0.204557
0.170300
0.130176
0.112118
0.103512
0.094628
0.097500
0.101943
0.106523
0.122936
0.151250
0.169362
0.176722
0.148966
0.125927
0.100531
0.080518
0.070604
0.066306
0.061858
0.055981
0.051513
0.046698
0.041936
0.038119
0.035073
0.032271
0.031597
0.029240
0.027234
0.024449
0.024889
0.024680
0.023961
0.024288
0.024070
0.023047
0.022039
0.022039
0.022039
0.022039
0.022039
0.022039
0.022277
0.023167
0.023662
0.023904
0.024091
0.024323
0.024712
0.025226
0.025657
0.025783
0.025583
0.025120
0.024537
0.023993
0.023242
0.022488
0.022039
0.022039
0.022039
0.022039
0.022039
0.022039
0.022039
0.022039
0.022039
0.022039
0.022039
0.022039
0.022039
0.022039
0.022039
0.022039
0.022039
0.022039
0.022039
0.022039
0.022039
0.022039
0.022039
0.022039
0.022039
0.022039
0.022039
0.022039
0.022039
0.022039
0.022039
0.022039
0.022039
0.022039
0.022039
0.022039
0.022039
0.022039
0.022039
0.022039
