0.406209
0.414843
0.484932
0.659503
0.980836
1.557651
1.903805
1.569960
1.193781
0.773887
0.727828
0.745223
0.544010
0.375454
0.299557
0.315627
0.318556
0.251451
0.239149
0.195390
0.176176
0.160473
0.161151
0.166273
0.167534
0.178357
0.180444
0.166555
0.170082
0.172214
0.171834
0.169431
0.164152
0.154788
0.141428
0.129135
0.119794
0.112356
0.105040
0.096316
0.089623
0.086655
0.082805
0.078626
0.075555
0.073382
0.070866
0.067842
0.064931
0.062730
0.060716
0.058502
0.056381
0.054130
0.051772
0.049568
0.047184
0.045772
0.044145
0.042326
0.044994
0.046863
0.046948
0.045459
0.042676
0.040709
0.037619
0.033779
0.032746
0.031741
0.031741
0.031741
0.031741
0.031741
0.031741
0.031741
0.031741
0.031741
0.031741
0.031741
0.031741
0.031741
0.031741
0.031741
0.031741
0.031741
0.031741
0.031741
0.031741
0.031741
0.031741
0.031741
0.031741
0.031741
0.031741
0.031741
0.031741
0.031741
0.031741
0.031741
0.031741
0.031741
0.031741
0.031741
0.031741
0.031741
0.031741
0.031741
0.031741
0.031741
0.031741
0.031741
0.031741
0.031741
0.031741
0.031741
0.031741
0.031741
0.031741
0.031741
0.031741
