0.214771
0.543728
0.420308
0.573860
0.899910
0.876039
0.696280
0.357418
0.332511
0.281056
0.220629
0.192103
0.126565
0.129927
0.115144
0.107982
0.108532
0.089130
0.084014
0.064134
0.057779
0.057625
0.058348
0.055522
0.057359
0.050975
0.041409
0.041245
0.038767
0.034837
0.031349
0.033643
0.031688
0.032022
0.033501
0.033041
0.030946
0.027800
0.023819
0.021059
0.020485
0.019788
0.018750
0.018913
0.018657
0.017475
0.016331
0.016144
0.016265
0.015223
0.013676
0.012702
0.013530
0.014790
0.015717
0.016115
0.016327
0.016143
0.015495
0.015145
0.014318
0.013401
0.012527
0.011932
0.012005
0.012564
0.012917
0.012795
0.012557
0.012547
0.012807
0.012962
0.012865
0.012742
0.012254
0.011475
0.010865
0.010692
0.010512
0.010105
0.009339
0.009109
0.009637
0.010102
0.010531
0.010763
0.010768
0.010648
0.010381
0.010102
0.009895
0.009573
0.009291
0.009145
0.009249
0.009690
0.010180
0.010674
0.011067
0.011216
0.011333
0.011257
0.010980
0.010425
0.009674
0.009093
0.008971
0.008911
0.008936
0.008815
0.008571
0.008242
0.007856
0.007523
0.007408
0.007279
0.007058
0.006773
0.006463
0.006169
0.005921
