0.054900
0.055376
0.058213
0.062580
0.078765
0.119273
0.218217
0.154722
0.190656
0.218761
0.190059
0.206020
0.211696
0.180574
0.177887
0.160192
0.159254
0.138814
0.152380
0.166008
0.121410
0.112705
0.114672
0.132418
0.139376
0.147039
0.157222
0.141128
0.125103
0.118207
0.114034
0.103197
0.110572
0.111079
0.110430
0.103085
0.094643
0.095494
0.091976
0.084258
0.076996
0.078873
0.075165
0.082332
0.085053
0.083898
0.082857
0.080026
0.071698
0.061132
0.059137
0.053649
0.051549
0.054304
0.057549
0.062005
0.067526
0.070496
0.069665
0.066253
0.061778
0.056998
0.052166
0.047313
0.043670
0.041260
0.039366
0.038351
0.038994
0.038319
0.036580
0.036148
0.037311
0.038056
0.037747
0.036397
0.034989
0.036910
0.037684
0.037230
0.035836
0.033979
0.032154
0.030746
0.029897
0.029430
0.028920
0.027986
0.027612
0.027931
0.027877
0.027546
0.027021
0.026415
0.025871
0.025519
0.025411
0.025485
0.025601
0.025581
0.025284
0.024667
0.023800
0.022833
0.021886
0.021304
0.021133
0.020942
0.020583
0.020122
0.020170
0.020122
0.020431
0.020454
0.020091
0.019378
0.018904
0.018620
0.018366
0.018178
0.018185
