0.085782
0.086952
0.090203
0.095366
0.097346
0.138049
0.171099
0.194460
0.233178
0.244209
0.272830
0.225087
0.155622
0.167472
0.155586
0.131540
0.123346
0.130152
0.122493
0.122611
0.129437
0.166334
0.178748
0.169501
0.166444
0.167604
0.167148
0.178907
0.174834
0.150670
0.152198
0.129265
0.110631
0.103166
0.100826
0.098787
0.104237
0.110159
0.111462
0.103096
0.096765
0.097627
0.100166
0.102034
0.101216
0.095915
0.087879
0.078628
0.075682
0.076592
0.075556
0.069815
0.064288
0.069802
0.074509
0.077390
0.078505
0.078415
0.077674
0.076152
0.073483
0.069811
0.065468
0.065591
0.065844
0.065959
0.065375
0.063602
0.060568
0.056390
0.052720
0.048482
0.043874
0.039381
0.035374
0.031975
0.029176
0.028531
0.027722
0.026197
0.024824
0.024633
0.023558
0.022242
0.022426
0.022383
0.022047
0.022504
0.022982
0.023159
0.023647
0.023595
0.022932
0.022872
0.022613
0.021945
0.021016
0.020003
0.018953
0.017806
0.016631
0.016708
0.016902
0.017000
0.017049
0.017097
0.017173
0.017275
0.017401
0.017534
0.017669
0.017787
0.017848
0.017800
0.017585
0.017247
0.017030
0.016682
0.016642
0.016411
0.016049
