0.278226
0.344386
0.670009
1.281972
0.899923
0.549003
0.685628
0.394518
0.293521
0.283153
0.241435
0.208053
0.183956
0.144766
0.116648
0.090224
0.090936
0.075876
0.063814
0.072742
0.086036
0.088409
0.078903
0.073956
0.062213
0.073326
0.076074
0.067806
0.055035
0.049028
0.049017
0.044931
0.042135
0.042844
0.045570
0.045793
0.043239
0.039620
0.036458
0.032447
0.033784
0.036970
0.038322
0.038381
0.041054
0.040789
0.040342
0.039576
0.037467
0.035073
0.032818
0.030579
0.032390
0.035793
0.039434
0.042537
0.043271
0.045579
0.046139
0.043052
0.039063
0.036505
0.035611
0.035409
0.034597
0.033238
0.032190
0.030756
0.028559
0.025836
0.023079
0.020932
0.019826
0.021239
0.022026
0.022591
0.022668
0.022137
0.021346
0.020356
0.019353
0.018418
0.017584
0.016627
0.015578
0.014524
0.013541
0.012636
0.011855
0.011087
0.010384
0.010394
0.010661
0.010699
0.010512
0.010193
0.009879
0.009688
0.009760
0.010126
0.010453
0.010789
0.010995
0.010940
0.010933
0.010856
0.010966
0.011138
0.011135
0.011059
0.011044
0.011032
0.010997
0.010962
0.011009
0.011311
0.011555
0.011700
0.011794
0.011751
0.011483
