0.127312
0.128557
0.126753
0.133669
0.147588
0.177706
0.242377
0.201232
0.238970
0.358719
0.347548
0.290661
0.369920
0.385030
0.342355
0.404076
0.448033
0.418942
0.348193
0.337080
0.370204
0.338730
0.295917
0.245312
0.223776
0.263595
0.306758
0.346919
0.346314
0.318083
0.282487
0.235113
0.202597
0.207288
0.207818
0.198528
0.192701
0.199538
0.205775
0.198894
0.175869
0.157436
0.169031
0.171621
0.184535
0.210013
0.221211
0.232423
0.240648
0.254863
0.272297
0.293130
0.304012
0.301498
0.299374
0.292142
0.277612
0.256656
0.231771
0.206255
0.182618
0.161711
0.150915
0.149580
0.149451
0.149701
0.150009
0.150397
0.150778
0.150699
0.149702
0.147903
0.146007
0.144941
0.145418
0.147599
0.151039
0.155224
0.159930
0.165058
0.170400
0.175267
0.179112
0.181202
0.180470
0.186854
0.190899
0.192323
0.191830
0.189800
0.186148
0.180701
0.173143
0.163355
0.156856
0.150740
0.144518
0.138238
0.131449
0.124289
0.117042
0.110034
0.104258
0.098727
0.092539
0.085624
0.082130
0.084518
0.086795
0.088755
0.090181
0.090894
0.093669
0.096803
0.098658
0.099051
0.097937
0.095421
0.093006
0.091381
0.089180
