0.656861
0.699182
0.851647
1.572310
2.362850
2.363725
1.218635
0.976553
1.058942
0.694242
0.634377
0.430496
0.372068
0.383823
0.355436
0.263322
0.217032
0.223297
0.225613
0.236565
0.226724
0.200362
0.190558
0.193944
0.190971
0.184886
0.173143
0.156664
0.143265
0.131025
0.126829
0.125530
0.128079
0.123478
0.113771
0.101464
0.093414
0.090315
0.087409
0.084512
0.081939
0.079101
0.075932
0.072732
0.070038
0.069531
0.068541
0.066651
0.064694
0.063276
0.061369
0.058605
0.057413
0.059871
0.060736
0.060164
0.058720
0.056527
0.053726
0.053048
0.052535
0.051665
0.050581
0.050645
0.050096
0.049035
0.047545
0.046107
0.045139
0.044117
0.044753
0.045572
0.045620
0.044757
0.043042
0.042019
0.041975
0.041509
0.040286
0.039208
0.037497
0.035536
0.033472
0.031380
0.029280
0.027644
0.026807
0.025742
0.024745
0.023684
0.022737
0.021501
0.020153
0.019527
0.019003
0.018641
0.018465
0.018448
0.018521
0.018594
0.018589
0.018459
0.018196
0.017823
0.017382
0.016916
0.016462
0.016101
0.015914
0.015829
0.016491
0.017178
0.017832
0.018443
0.018965
0.019361
0.019592
0.019619
0.019470
0.019449
0.019155
