0.121855
0.123424
0.135795
0.143223
0.156131
0.159536
0.189988
0.217307
0.234057
0.233966
0.253434
0.416478
0.369497
0.315921
0.348791
0.368818
0.378530
0.295535
0.340644
0.379311
0.407711
0.356058
0.301124
0.298338
0.305889
0.317820
0.297346
0.287301
0.276663
0.254702
0.255268
0.231766
0.243805
0.279406
0.320158
0.311118
0.269726
0.245213
0.228908
0.234103
0.235076
0.248142
0.270972
0.275359
0.269290
0.264510
0.247379
0.224715
0.205371
0.185809
0.162282
0.149849
0.157959
0.182621
0.201922
0.208418
0.201239
0.186936
0.180339
0.173487
0.176128
0.180040
0.176123
0.167228
0.156088
0.144468
0.133457
0.123592
0.114679
0.106470
0.099263
0.094293
0.092546
0.093561
0.096127
0.102573
0.109450
0.114964
0.118080
0.118619
0.117295
0.115276
0.113436
0.112429
0.112568
0.113535
0.114496
0.114696
0.113894
0.112376
0.110784
0.109621
0.109084
0.108906
0.108757
0.108439
0.107761
0.106468
0.104345
0.101620
0.098711
0.096547
0.095428
0.094935
0.095007
0.095423
0.096757
0.098592
0.099933
0.100439
0.099860
0.097930
0.094520
0.089748
0.083875
0.077265
0.071130
0.067021
0.062238
0.061625
0.061455
