0.453683
0.472411
0.542024
0.903613
1.216590
1.469951
0.956978
1.148254
0.764004
0.563829
0.337116
0.244082
0.212602
0.148208
0.143829
0.130861
0.097148
0.080235
0.064888
0.063907
0.059259
0.062803
0.057923
0.048795
0.044887
0.037797
0.035596
0.032654
0.029095
0.034732
0.035833
0.034390
0.030543
0.031285
0.034747
0.036005
0.035114
0.031956
0.027608
0.025992
0.026198
0.026684
0.027074
0.028395
0.028453
0.027958
0.028047
0.028316
0.028372
0.028418
0.028753
0.029122
0.028669
0.026939
0.025152
0.023502
0.021516
0.019860
0.019486
0.020968
0.023025
0.024694
0.025121
0.025224
0.026271
0.027402
0.027635
0.026869
0.025192
0.023175
0.021312
0.019750
0.019434
0.019434
0.019434
0.019434
0.019434
0.019434
0.019434
0.019434
0.019434
0.019434
0.019434
0.019434
0.019434
0.019434
0.019434
0.019434
0.019434
0.019434
0.019434
0.019434
0.019434
0.019434
0.019434
0.019434
0.019434
0.019434
0.019434
0.019434
0.019434
0.019434
0.019434
0.019434
0.019434
0.019434
0.019434
0.019434
0.019434
0.019434
0.019434
0.019434
0.019434
0.019434
0.019434
0.019434
0.019434
0.019434
0.019434
0.019434
0.019434
