0.393491
0.420657
0.429723
0.620267
0.958753
0.927158
1.402397
1.389132
0.972310
0.683910
0.633733
0.422896
0.330016
0.232161
0.140808
0.124192
0.130266
0.128670
0.104914
0.090715
0.096929
0.088205
0.091701
0.084657
0.076392
0.064882
0.054757
0.045936
0.044813
0.042435
0.042005
0.040619
0.036693
0.032349
0.026508
0.026505
0.024856
0.024211
0.023119
0.022116
0.023085
0.024284
0.026093
0.028010
0.028450
0.027193
0.029751
0.030669
0.029510
0.027793
0.027894
0.028829
0.028503
0.026723
0.028145
0.028283
0.027739
0.026150
0.023696
0.020805
0.018270
0.016916
0.016223
0.015749
0.015421
0.014846
0.014119
0.013654
0.014043
0.014237
0.014329
0.014319
0.014269
0.014484
0.014366
0.013897
0.013686
0.013896
0.014013
0.014382
0.014614
0.014880
0.014765
0.014252
0.013352
0.013019
0.012939
0.012654
0.012263
0.011882
0.011590
0.011409
0.011317
0.011266
0.011202
0.011087
0.010906
0.010674
0.010426
0.010205
0.010047
0.009970
0.009972
0.010030
0.010110
0.010175
0.010189
0.010124
0.009965
0.009708
0.009362
0.008947
0.008487
0.008009
0.007593
0.007264
0.006929
0.006628
0.006681
0.006711
0.006762
