0.146108
0.159049
0.199390
0.444626
0.555975
0.543257
0.551146
0.462548
0.294311
0.184976
0.139244
0.134406
0.126756
0.111205
0.077658
0.064265
0.064614
0.066788
0.063575
0.065378
0.068247
0.071611
0.060111
0.053191
0.050582
0.061205
0.065498
0.063771
0.061201
0.058590
0.053843
0.046336
0.043324
0.038623
0.032868
0.028668
0.026265
0.025065
0.020514
0.018999
0.018707
0.018163
0.018054
0.018931
0.019768
0.020043
0.021111
0.021272
0.020475
0.019058
0.018231
0.018079
0.017899
0.017798
0.017498
0.016708
0.017283
0.017387
0.017166
0.017009
0.016542
0.015830
0.015132
0.014509
0.014207
0.014427
0.014858
0.015062
0.014873
0.014543
0.013501
0.012673
0.013222
0.013635
0.013813
0.013769
0.014024
0.014001
0.013723
0.013364
0.013005
0.012655
0.012257
0.011740
0.011052
0.010225
0.009741
0.010239
0.010608
0.010588
0.010175
0.009483
0.008789
0.008488
0.008695
0.009053
0.009506
0.009978
0.010469
0.010943
0.011319
0.011599
0.011817
0.011902
0.011808
0.011588
0.011183
0.010656
0.010145
0.009773
0.009399
0.009048
0.008805
0.008580
0.008358
0.008110
0.008098
0.008075
0.008007
0.007874
0.007686
