0.100125
0.100312
0.111880
0.125754
0.152378
0.180990
0.212938
0.222344
0.376476
0.324147
0.261651
0.253521
0.218246
0.185938
0.289869
0.313709
0.216430
0.237584
0.229254
0.216685
0.283864
0.277897
0.270400
0.240861
0.233763
0.269557
0.284591
0.295397
0.287837
0.256904
0.250453
0.302617
0.321849
0.319693
0.347731
0.346387
0.339755
0.349108
0.322558
0.265530
0.238983
0.248648
0.271308
0.284447
0.296600
0.310858
0.304161
0.267344
0.223600
0.200068
0.185012
0.188393
0.185034
0.171992
0.168182
0.150376
0.160187
0.166000
0.168120
0.163562
0.150665
0.140031
0.132533
0.134672
0.137409
0.142414
0.146600
0.146383
0.141009
0.132263
0.122979
0.115449
0.110580
0.107686
0.105430
0.102737
0.099022
0.093920
0.087157
0.087281
0.089540
0.089937
0.088940
0.088428
0.087046
0.084568
0.081362
0.078240
0.081669
0.084502
0.087187
0.090095
0.093260
0.096275
0.098497
0.099364
0.100005
0.099257
0.097873
0.096817
0.096817
0.098114
0.100458
0.103277
0.105967
0.108120
0.109596
0.110434
0.110827
0.110898
0.110622
0.109906
0.108625
0.106677
0.104062
0.100812
0.096929
0.092438
0.087777
0.083811
0.079266
