0.047525
0.049586
0.057132
0.105385
0.164126
0.137861
0.137595
0.193216
0.154335
0.150960
0.174040
0.143760
0.114536
0.108217
0.104863
0.093330
0.099420
0.092051
0.091979
0.098348
0.086844
0.089503
0.085927
0.100318
0.108944
0.122486
0.128977
0.124853
0.112602
0.107297
0.106788
0.101693
0.100348
0.098166
0.090067
0.079963
0.075166
0.072847
0.066774
0.068953
0.070588
0.066081
0.063171
0.061171
0.059326
0.060055
0.059488
0.058346
0.056630
0.058848
0.059725
0.059483
0.062591
0.068387
0.073199
0.076428
0.078589
0.079917
0.086171
0.096131
0.104509
0.111085
0.118225
0.125299
0.133011
0.141005
0.147825
0.150935
0.148047
0.139520
0.126967
0.112221
0.097527
0.084871
0.075179
0.067931
0.062250
0.059129
0.056485
0.053383
0.049617
0.045991
0.042683
0.040103
0.038368
0.037441
0.037347
0.038041
0.039234
0.040534
0.041629
0.042374
0.042671
0.044018
0.045107
0.045414
0.045116
0.045171
0.044765
0.043937
0.042732
0.041198
0.039387
0.037351
0.035704
0.035194
0.034474
0.033583
0.032532
0.031349
0.030057
0.028675
0.027215
0.025685
0.024092
0.023189
0.022286
0.021317
0.020338
0.019401
0.018532
