0.159140
0.279937
0.317501
0.398364
0.605490
0.468925
0.298415
0.198912
0.139867
0.165452
0.180495
0.236770
0.182262
0.128089
0.094816
0.061835
0.046345
0.044661
0.041074
0.040893
0.043943
0.045519
0.036763
0.034681
0.031498
0.030776
0.031817
0.034112
0.033908
0.030645
0.027142
0.027545
0.026490
0.024365
0.022578
0.022510
0.023105
0.021356
0.019347
0.018606
0.017863
0.016032
0.016102
0.015374
0.013800
0.011928
0.009749
0.008488
0.008088
0.008365
0.008369
0.008040
0.007433
0.007282
0.007544
0.007770
0.007680
0.007708
0.007966
0.008162
0.007992
0.007541
0.007466
0.007466
0.007346
0.007310
0.007764
0.008051
0.008166
0.008158
0.008240
0.008384
0.008361
0.008351
0.008272
0.008263
0.008294
0.008228
0.008004
0.007702
0.007446
0.007302
0.007295
0.007438
0.007722
0.008077
0.008363
0.008418
0.008149
0.007820
0.007492
0.007130
0.006775
0.006440
0.006176
0.006066
0.006140
0.006233
0.006389
0.006540
0.006655
0.006713
0.006696
0.006615
0.006494
0.006463
0.006493
0.006476
0.006426
0.006390
0.006417
0.006361
0.006258
0.006125
0.005992
0.005887
0.005818
0.005776
0.005767
0.005771
0.005764
