0.034228
0.035012
0.046133
0.045231
0.064012
0.086126
0.076220
0.066703
0.070417
0.058791
0.073290
0.068322
0.071243
0.085360
0.070417
0.060367
0.061672
0.054954
0.051386
0.058276
0.060715
0.063581
0.069373
0.079074
0.096416
0.115852
0.102460
0.086596
0.078010
0.071015
0.064647
0.058151
0.051990
0.046842
0.042688
0.039228
0.036121
0.033287
0.035852
0.038478
0.040044
0.040505
0.039902
0.039609
0.039141
0.038549
0.038038
0.037712
0.037573
0.037577
0.037664
0.037733
0.037693
0.037480
0.037019
0.036294
0.035290
0.034040
0.032520
0.030815
0.028999
0.027085
0.025105
0.023177
0.021340
0.019479
0.018287
0.018034
0.018243
0.018386
0.018467
0.018511
0.018496
0.018449
0.018379
0.018284
0.018167
0.018036
0.017886
0.017722
0.017534
0.017340
0.017123
0.016891
0.016653
0.016395
0.016120
0.015841
0.015542
0.015230
0.014903
0.014564
0.014211
0.013849
0.013480
0.013108
0.013159
0.013423
0.013682
0.013871
0.013997
0.014070
0.014100
0.014106
0.014105
0.014080
0.014025
0.014010
0.013979
0.013915
0.013893
0.013904
0.013935
0.013974
0.013983
0.013966
0.014293
0.014647
0.014978
0.015228
0.015387
