0.032774
0.047576
0.065144
0.105333
0.067234
0.131368
0.063042
0.044996
0.057047
0.065173
0.051003
0.043553
0.044187
0.043980
0.044359
0.037121
0.035066
0.034556
0.028661
0.028260
0.035348
0.033149
0.031523
0.029711
0.025604
0.032224
0.034655
0.035656
0.034452
0.034511
0.030641
0.027299
0.026835
0.027878
0.031001
0.032973
0.033853
0.034781
0.035501
0.035455
0.035078
0.034423
0.033955
0.033887
0.034965
0.035935
0.036376
0.036302
0.035653
0.034782
0.033511
0.032841
0.031653
0.031128
0.030949
0.029583
0.028410
0.026988
0.025449
0.024189
0.023498
0.023096
0.022987
0.023094
0.023329
0.023573
0.023737
0.023749
0.023519
0.024389
0.025281
0.026057
0.026639
0.027011
0.027156
0.027101
0.026843
0.026394
0.025778
0.025069
0.024461
0.023709
0.023034
0.022633
0.022215
0.021775
0.021233
0.020576
0.019827
0.019027
0.018177
0.017352
0.016772
0.016344
0.015881
0.015466
0.015091
0.014687
0.014258
0.013812
0.013346
0.012869
0.012628
0.012491
0.012351
0.012208
0.012070
0.011933
0.011801
0.011674
0.011546
0.011418
0.011286
0.011164
0.011048
0.010913
0.010764
0.010599
0.010424
0.010261
0.010098
