0.783307
0.792216
0.864445
1.304180
1.605214
1.763974
1.822141
2.151540
2.608186
2.660502
3.141932
2.337911
2.224431
2.285342
2.210741
1.948959
1.770199
1.625005
1.524874
1.454738
1.515309
1.635008
1.656420
1.478641
1.472752
1.399938
1.316760
1.286873
1.269182
1.259320
1.322125
1.482151
1.600587
1.597994
1.533100
1.487219
1.464317
1.377186
1.402023
1.358635
1.215038
1.049010
1.042783
1.070915
1.077496
1.064572
0.967516
0.814096
0.655764
0.579288
0.592749
0.598138
0.588544
0.568529
0.614561
0.634914
0.643183
0.644381
0.668636
0.706607
0.743648
0.766079
0.767572
0.762845
0.764293
0.761654
0.744471
0.760548
0.801318
0.812556
0.797628
0.772290
0.739746
0.699059
0.650121
0.611064
0.574612
0.545919
0.527936
0.518961
0.513008
0.504307
0.491348
0.477094
0.465313
0.458362
0.454344
0.448475
0.434940
0.411255
0.382824
0.369087
0.373679
0.375516
0.373930
0.367297
0.354687
0.350915
0.361695
0.372710
0.379256
0.380481
0.377464
0.372169
0.366502
0.362694
0.360211
0.358172
0.359157
0.360601
0.361148
0.360474
0.358445
0.354750
0.348607
0.339412
0.327271
0.314066
0.309597
0.307543
0.307700
