0.878751
0.884157
1.146981
1.674652
2.093840
2.357525
2.359258
2.096012
2.608603
1.957887
1.695864
1.842523
1.775799
1.623375
1.527752
1.540356
1.414530
1.478107
1.726463
1.936048
1.510020
1.248990
1.317209
1.258088
1.373349
1.573188
1.668109
1.690004
1.779033
1.867282
1.942135
2.053676
2.188461
2.196027
2.034793
1.775364
1.710395
1.656150
1.607109
1.560909
1.515305
1.590430
1.708414
1.745233
1.637265
1.508819
1.336468
1.294097
1.217216
1.117325
1.005347
0.935531
0.904792
0.874810
0.845770
0.817130
0.790453
0.764760
0.739785
0.713569
0.686316
0.657609
0.627620
0.597528
0.567679
0.539577
0.514534
0.492629
0.472710
0.453313
0.433306
0.412713
0.392053
0.402571
0.410134
0.410914
0.405702
0.395048
0.379424
0.359152
0.343108
0.342734
0.339348
0.333640
0.325712
0.316828
0.307280
0.297605
0.288373
0.279450
0.270787
0.262329
0.254149
0.246162
0.238265
0.231408
0.224622
0.217957
0.211089
0.203899
0.196472
0.188526
0.180143
0.171270
0.171835
0.173042
0.173583
0.173396
0.172531
0.171099
0.169306
0.167167
0.164819
0.162383
0.160012
0.157749
0.155616
0.153635
0.151820
0.150172
0.148621
