0.073413
0.073712
0.075040
0.074734
0.088744
0.107403
0.107471
0.128986
0.131189
0.139947
0.129072
0.136075
0.152059
0.138583
0.134852
0.193967
0.182109
0.163791
0.142069
0.200396
0.221553
0.185456
0.181826
0.150582
0.123368
0.123148
0.133112
0.132002
0.122388
0.107389
0.106647
0.116755
0.148366
0.175542
0.182065
0.176620
0.175833
0.183387
0.187685
0.187201
0.188776
0.191758
0.186283
0.167173
0.142976
0.122694
0.110425
0.111894
0.117670
0.122317
0.124782
0.125261
0.123452
0.119290
0.112870
0.106349
0.104275
0.099046
0.091765
0.088672
0.085907
0.083030
0.079866
0.078978
0.077642
0.073882
0.072161
0.070699
0.069181
0.070868
0.072823
0.074317
0.075231
0.075316
0.074585
0.073245
0.071496
0.069432
0.067131
0.064694
0.062265
0.059935
0.057771
0.055791
0.053980
0.052284
0.050592
0.048761
0.046654
0.044225
0.045986
0.048966
0.052797
0.055985
0.057812
0.058029
0.056696
0.054100
0.050675
0.046949
0.043413
0.040421
0.038117
0.036448
0.035217
0.034172
0.033856
0.033751
0.033131
0.032029
0.031802
0.031241
0.030375
0.029247
0.028527
0.028114
0.027735
0.027376
0.027029
0.026693
0.026581
