2.003543
2.038736
2.647887
2.781337
4.788332
5.916487
6.749891
6.453030
6.701553
3.575044
2.526015
2.627425
2.573618
3.262336
3.382089
4.164446
4.533954
4.148556
3.370310
2.747346
2.192412
1.868183
1.587951
1.351590
1.151950
1.052347
0.980212
1.017339
1.009829
0.925081
0.892953
0.923508
1.021369
1.264064
1.460917
1.420946
1.483237
1.414237
1.298385
1.203767
1.151373
1.105195
1.033927
0.967162
0.910707
0.806269
0.712176
0.623937
0.545063
0.483428
0.445773
0.425119
0.408198
0.387854
0.367053
0.358125
0.345394
0.326438
0.302301
0.277114
0.254211
0.234577
0.218584
0.207234
0.196836
0.187174
0.178153
0.169587
0.167293
0.165265
0.163201
0.160773
0.157771
0.154307
0.150779
0.147553
0.144686
0.141944
0.139005
0.135704
0.132190
0.128878
0.126235
0.124546
0.123802
0.123760
0.124074
0.124394
0.124395
0.123785
0.122325
0.119871
0.116516
0.112311
0.107466
0.102241
0.096899
0.091863
0.088338
0.084632
0.080899
0.077224
0.073638
0.070140
0.066731
0.063430
0.060286
0.059272
0.058806
0.058174
0.057441
0.056671
0.055913
0.055202
0.054558
0.053987
0.053492
0.053079
0.052754
0.052514
0.052343
