0.619856
0.622114
0.851991
1.271303
2.386526
2.642055
1.447891
1.148823
1.293555
0.945277
0.958487
0.906500
1.024004
1.148354
0.835399
0.646871
0.489201
0.425204
0.384440
0.291492
0.260313
0.259057
0.272247
0.340370
0.367668
0.346400
0.313075
0.343666
0.378574
0.381995
0.359146
0.317085
0.292817
0.306620
0.345936
0.379595
0.390868
0.377282
0.321045
0.252953
0.220301
0.206195
0.195777
0.185654
0.169479
0.147403
0.133581
0.124862
0.114337
0.106244
0.095335
0.085432
0.079552
0.077556
0.076135
0.072741
0.066304
0.057411
0.048923
0.044678
0.045993
0.047134
0.047930
0.046563
0.047049
0.046358
0.044076
0.045365
0.047169
0.047492
0.046543
0.044421
0.041415
0.038063
0.035184
0.035106
0.036463
0.037410
0.037679
0.037229
0.035951
0.034049
0.031861
0.031892
0.030789
0.030173
0.029154
0.028534
0.027448
0.027667
0.027385
0.026805
0.026033
0.025137
0.024119
0.022952
0.021649
0.020308
0.019092
0.018162
0.017606
0.017407
0.017458
0.017608
0.017725
0.017726
0.017587
0.017322
0.017077
0.016818
0.016495
0.016101
0.015636
0.015454
0.015845
0.016256
0.016695
0.017112
0.017577
0.018150
0.018857
