1.099274
1.208453
1.596540
2.141010
4.071960
5.441817
3.499325
2.882191
3.623236
2.105767
1.764539
2.072391
1.979518
2.337722
2.194388
2.176473
1.844571
1.369540
1.359776
1.197148
1.312530
1.317688
1.265220
1.351694
1.249147
1.016791
1.031915
1.085037
1.232491
1.388534
1.475814
1.485440
1.486291
1.683855
1.892784
1.953483
2.089913
2.154071
1.987606
1.609121
1.203170
0.968997
0.844187
0.763965
0.704677
0.696412
0.713584
0.735765
0.754745
0.753770
0.726845
0.668254
0.632175
0.577634
0.523746
0.476353
0.430858
0.382935
0.337043
0.305795
0.293271
0.294617
0.295898
0.287855
0.268952
0.257103
0.239763
0.218389
0.198097
0.187884
0.178851
0.175911
0.174149
0.175281
0.176119
0.173950
0.168883
0.161851
0.154012
0.145949
0.137784
0.129116
0.119839
0.113224
0.108848
0.103591
0.097663
0.091390
0.088364
0.090479
0.091661
0.091854
0.091175
0.089724
0.087715
0.085367
0.083734
0.083742
0.083592
0.083429
0.083430
0.083779
0.084616
0.085984
0.087799
0.089846
0.091825
0.093418
0.094355
0.094456
0.093710
0.092112
0.089737
0.086785
0.083394
0.079723
0.075921
0.072121
0.068466
0.065072
0.062015
