0.109154
0.109841
0.114805
0.125970
0.162269
0.138903
0.158626
0.158344
0.173575
0.194540
0.268509
0.291554
0.420188
0.475145
0.481187
0.478998
0.446384
0.343817
0.256226
0.230943
0.212467
0.194376
0.171857
0.147734
0.122465
0.105533
0.122280
0.121790
0.113161
0.092450
0.084378
0.082012
0.070052
0.060591
0.060814
0.054755
0.051749
0.050167
0.059546
0.065045
0.067435
0.064977
0.055812
0.052607
0.049336
0.044651
0.040060
0.041897
0.041943
0.039373
0.039224
0.038358
0.039598
0.040125
0.040342
0.041102
0.041791
0.040697
0.037739
0.035015
0.034107
0.034472
0.035206
0.035841
0.035839
0.035064
0.033857
0.033035
0.034315
0.036736
0.039608
0.042540
0.045138
0.046906
0.047344
0.047747
0.048252
0.047381
0.046105
0.044783
0.043052
0.041082
0.039235
0.037494
0.035408
0.033018
0.030506
0.028054
0.025831
0.023881
0.022742
0.022023
0.021468
0.021002
0.020568
0.020121
0.019616
0.019144
0.019033
0.018812
0.018463
0.017977
0.017348
0.016592
0.015742
0.014855
0.013969
0.013136
0.012454
0.012360
0.012685
0.012951
0.013149
0.013263
0.013558
0.014240
0.014711
0.014937
0.014915
0.014680
0.014293
