0.007180
0.007235
0.007343
0.007530
0.008487
0.009242
0.014261
0.016131
0.014673
0.012546
0.013229
0.015591
0.014240
0.011140
0.010781
0.009813
0.009146
0.009434
0.009559
0.010193
0.011036
0.010390
0.008976
0.009526
0.009282
0.009155
0.009199
0.009065
0.009449
0.009655
0.010442
0.010622
0.010619
0.010294
0.010460
0.010683
0.009804
0.008922
0.008763
0.008769
0.009081
0.009512
0.009486
0.009063
0.009211
0.010081
0.011135
0.011811
0.011562
0.010308
0.009803
0.009149
0.008371
0.008079
0.008004
0.008422
0.009189
0.009672
0.010034
0.010233
0.010240
0.010036
0.009901
0.010273
0.011238
0.012478
0.013723
0.014926
0.016059
0.016960
0.018219
0.018703
0.018369
0.017414
0.016759
0.016011
0.015361
0.015098
0.015822
0.016085
0.015708
0.014904
0.013998
0.013247
0.012766
0.012565
0.012572
0.012660
0.012711
0.012677
0.012589
0.012651
0.012770
0.012895
0.012923
0.012764
0.012415
0.011980
0.011583
0.011294
0.011107
0.011002
0.010993
0.011135
0.011484
0.012053
0.012787
0.013589
0.014345
0.014968
0.015412
0.015694
0.015883
0.016066
0.016310
0.016634
0.017006
0.017373
0.017679
0.017891
0.017991
