4501
0.0	0.0
0.01	0.004785261452198029
0.02	0.009570522904396058
0.03	0.004785261452198029
0.04	0.0
0.05	0.0
0.06	0.0
0.07	0.004785261452198029
0.08	0.009570522904396058
0.09	0.009570522904396058
0.1	0.0
0.11	0.0
0.12	0.0
0.13	0.0
0.14	0.0
0.15	0.0
0.16	0.0
0.17	0.0
0.18	0.0
0.19	0.0
0.2	0.0
0.21	0.004785261452198029
0.22	0.009570522904396058
0.23	0.01435578465461731
0.24	0.009570522904396058
0.25	0.0
0.26	0.0
0.27	0.0
0.28	0.0
0.29	0.004785261452198029
0.3	0.004785261452198029
0.31	0.0
0.32	0.0
0.33	0.0
0.34	0.0
0.35	0.0
0.36	0.0
0.37	0.0
0.38	0.004785261452198029
0.39	0.009570522904396058
0.4	0.01435578465461731
0.41	0.01435578465461731
0.42	0.009570522904396058
0.43	0.004785261452198029
0.44	0.0
0.45	0.0
0.46	-0.004785261452198029
0.47	-0.009570522904396058
0.48	-0.004785261452198029
0.49	0.0
0.5	0.0
0.51	0.0
0.52	0.0
0.53	0.0
0.54	0.0
0.55	0.004785261452198029
0.56	0.004785261452198029
0.57	0.009570522904396058
0.58	0.009570522904396058
0.59	0.004785261452198029
0.6	0.004785261452198029
0.61	0.0
0.62	0.0
0.63	0.0
0.64	0.0
0.65	0.0
0.66	0.0
0.67	0.0
0.68	0.0
0.69	0.0
0.7	0.0
0.71	0.0
0.72	0.0
0.73	0.0
0.74	0.0
0.75	0.0
0.76	0.004785261452198029
0.77	0.009570522904396058
0.78	0.0
0.79	0.0
0.8	0.0
0.81	0.0
0.82	0.009570522904396058
0.83	0.009570522904396058
0.84	0.004785261452198029
0.85	0.0
0.86	0.0
0.87	0.0
0.88	0.0
0.89	0.0
0.9	0.0
0.91	0.0
0.92	0.004785261452198029
0.93	0.01435578465461731
0.94	0.01435578465461731
0.95	0.004785261452198029
0.96	0.0
0.97	0.0
0.98	0.0
0.99	0.009570522904396058
1.0	0.01435578465461731
1.01	0.004785261452198029
1.02	0.0
1.03	0.0
1.04	0.009570522904396058
1.05	0.009570522904396058
1.06	0.004785261452198029
1.07	0.0
1.08	0.0
1.09	0.004785261452198029
1.1	0.009570522904396058
1.11	0.0
1.12	-0.004785261452198029
1.13	-0.009570522904396058
1.14	0.0
1.15	0.0
1.16	0.004785261452198029
1.17	0.004785261452198029
1.18	0.004785261452198029
1.19	0.004785261452198029
1.2	0.009570522904396058
1.21	0.009570522904396058
1.22	0.009570522904396058
1.23	0.004785261452198029
1.24	0.0
1.25	0.0
1.26	0.0
1.27	0.0
1.28	0.0
1.29	0.0
1.3	0.0
1.31	0.0
1.32	0.0
1.33	0.004785261452198029
1.34	0.004785261452198029
1.35	0.0
1.36	0.0
1.37	-0.004785261452198029
1.38	0.0
1.39	0.0
1.4	0.0
1.41	0.004785261452198029
1.42	0.009570522904396058
1.43	0.004785261452198029
1.44	0.0
1.45	0.0
1.46	0.0
1.47	0.0
1.48	0.0
1.49	0.0
1.5	0.0
1.51	-0.004785261452198029
1.52	-0.004785261452198029
1.53	0.0
1.54	0.0
1.55	0.0
1.56	0.0
1.57	0.0
1.58	0.0
1.59	0.0
1.6	0.0
1.61	0.0
1.62	0.0
1.63	0.0
1.64	0.0
1.65	0.0
1.66	0.0
1.67	0.0
1.68	0.0
1.69	0.0
1.7	0.0
1.71	0.0
1.72	0.0
1.73	0.0
1.74	0.0
1.75	0.0
1.76	0.0
1.77	0.004785261452198029
1.78	0.009570522904396058
1.79	0.009570522904396058
1.8	0.0
1.81	0.0
1.82	0.0
1.83	0.0
1.84	0.0
1.85	0.0
1.86	0.0
1.87	0.0
1.88	0.0
1.89	0.0
1.9	0.0
1.91	0.0
1.92	0.0
1.93	0.004785261452198029
1.94	0.004785261452198029
1.95	0.0
1.96	0.0
1.97	0.0
1.98	0.009570522904396058
1.99	0.019141045808792116
2.0	0.019141045808792116
2.01	0.004785261452198029
2.02	0.0
2.03	-0.004785261452198029
2.04	0.0
2.05	0.0
2.06	0.004785261452198029
2.07	0.004785261452198029
2.08	0.009570522904396058
2.09	0.01435578465461731
2.1	0.009570522904396058
2.11	0.004785261452198029
2.12	0.0
2.13	0.0
2.14	0.0
2.15	0.009570522904396058
2.16	0.01435578465461731
2.17	0.01435578465461731
2.18	0.004785261452198029
2.19	0.0
2.2	0.004785261452198029
2.21	0.0
2.22	0.0
2.23	-0.004785261452198029
2.24	-0.009570522904396058
2.25	0.0
2.26	0.0
2.27	0.004785261452198029
2.28	0.004785261452198029
2.29	0.004785261452198029
2.3	0.009570522904396058
2.31	0.01435578465461731
2.32	0.01435578465461731
2.33	0.004785261452198029
2.34	0.0
2.35	0.0
2.36	-0.004785261452198029
2.37	0.0
2.38	0.0
2.39	0.0
2.4	0.0
2.41	0.004785261452198029
2.42	0.004785261452198029
2.43	0.004785261452198029
2.44	0.0
2.45	0.0
2.46	0.0
2.47	0.0
2.48	0.0
2.49	0.0
2.5	0.0
2.51	0.0
2.52	0.004785261452198029
2.53	0.009570522904396058
2.54	0.004785261452198029
2.55	0.0
2.56	0.0
2.57	0.0
2.58	0.0
2.59	-0.004785261452198029
2.6	-0.004785261452198029
2.61	0.0
2.62	0.0
2.63	0.0
2.64	0.0
2.65	0.004785261452198029
2.66	0.004785261452198029
2.67	0.0
2.68	0.0
2.69	0.0
2.7	0.0
2.71	0.0
2.72	0.0
2.73	0.0
2.74	0.0
2.75	0.0
2.76	0.0
2.77	0.004785261452198029
2.78	0.004785261452198029
2.79	0.004785261452198029
2.8	0.004785261452198029
2.81	0.004785261452198029
2.82	0.0
2.83	0.0
2.84	0.0
2.85	0.0
2.86	0.0
2.87	0.0
2.88	-0.004785261452198029
2.89	-0.004785261452198029
2.9	0.0
2.91	0.0
2.92	0.004785261452198029
2.93	0.004785261452198029
2.94	0.004785261452198029
2.95	0.0
2.96	0.0
2.97	0.0
2.98	0.0
2.99	0.0
3.0	0.0
3.01	0.0
3.02	0.0
3.03	0.0
3.04	0.0
3.05	0.0
3.06	0.004785261452198029
3.07	0.009570522904396058
3.08	0.004785261452198029
3.09	0.0
3.1	-0.009570522904396058
3.11	0.0
3.12	0.0
3.13	0.009570522904396058
3.14	0.009570522904396058
3.15	0.009570522904396058
3.16	0.009570522904396058
3.17	0.009570522904396058
3.18	0.004785261452198029
3.19	0.0
3.2	0.0
3.21	0.0
3.22	0.0
3.23	0.0
3.24	0.0
3.25	0.0
3.26	0.0
3.27	0.0
3.28	0.0
3.29	0.004785261452198029
3.3	0.004785261452198029
3.31	0.009570522904396058
3.32	0.01435578465461731
3.33	0.01435578465461731
3.34	0.009570522904396058
3.35	0.0
3.36	0.0
3.37	0.0
3.38	0.004785261452198029
3.39	0.0
3.4	0.0
3.41	0.0
3.42	0.0
3.43	0.0
3.44	0.004785261452198029
3.45	0.009570522904396058
3.46	0.009570522904396058
3.47	0.0
3.48	0.0
3.49	0.0
3.5	0.0
3.51	0.004785261452198029
3.52	0.004785261452198029
3.53	0.0
3.54	0.004785261452198029
3.55	0.009570522904396058
3.56	0.009570522904396058
3.57	0.004785261452198029
3.58	0.0
3.59	0.0
3.6	0.0
3.61	0.004785261452198029
3.62	0.009570522904396058
3.63	0.004785261452198029
3.64	0.0
3.65	0.0
3.66	0.0
3.67	0.0
3.68	0.0
3.69	0.009570522904396058
3.7	0.009570522904396058
3.71	0.0
3.72	0.0
3.73	0.0
3.74	0.0
3.75	0.0
3.76	0.0
3.77	0.0
3.78	0.0
3.79	0.0
3.8	0.0
3.81	0.004785261452198029
3.82	0.004785261452198029
3.83	0.004785261452198029
3.84	0.009570522904396058
3.85	0.019141045808792116
3.86	0.02871156930923462
3.87	0.02871156930923462
3.88	0.01435578465461731
3.89	0.0
3.9	0.0
3.91	0.0
3.92	-0.004785261452198029
3.93	-0.004785261452198029
3.94	-0.009570522904396058
3.95	-0.009570522904396058
3.96	-0.009570522904396058
3.97	-0.004785261452198029
3.98	0.0
3.99	0.0
4.0	0.0
4.01	0.0
4.02	0.0
4.03	0.004785261452198029
4.04	0.004785261452198029
4.05	0.004785261452198029
4.06	0.004785261452198029
4.07	0.004785261452198029
4.08	0.0
4.09	0.0
4.1	0.0
4.11	0.0
4.12	0.0
4.13	0.0
4.14	0.0
4.15	0.004785261452198029
4.16	0.004785261452198029
4.17	0.004785261452198029
4.18	0.0
4.19	0.0
4.2	0.0
4.21	0.004785261452198029
4.22	0.004785261452198029
4.23	0.0
4.24	0.0
4.25	0.0
4.26	0.0
4.27	0.0
4.28	0.0
4.29	-0.009570522904396058
4.3	-0.009570522904396058
4.31	0.0
4.32	0.004785261452198029
4.33	0.009570522904396058
4.34	0.009570522904396058
4.35	0.009570522904396058
4.36	0.009570522904396058
4.37	0.019141045808792116
4.38	0.023926308155059816
4.39	0.023926308155059816
4.4	0.01435578465461731
4.41	0.0
4.42	0.0
4.43	0.0
4.44	0.004785261452198029
4.45	0.0
4.46	0.0
4.47	0.004785261452198029
4.48	0.004785261452198029
4.49	0.0
4.5	0.0
4.51	0.0
4.52	0.004785261452198029
4.53	0.009570522904396058
4.54	0.004785261452198029
4.55	0.0
4.56	0.0
4.57	0.0
4.58	0.009570522904396058
4.59	0.009570522904396058
4.6	0.0
4.61	0.0
4.62	0.0
4.63	0.0
4.64	0.004785261452198029
4.65	0.0
4.66	0.0
4.67	0.004785261452198029
4.68	0.009570522904396058
4.69	0.004785261452198029
4.7	0.004785261452198029
4.71	0.0
4.72	0.0
4.73	0.0
4.74	0.0
4.75	0.0
4.76	0.0
4.77	0.0
4.78	-0.004785261452198029
4.79	-0.004785261452198029
4.8	0.0
4.81	0.0
4.82	0.004785261452198029
4.83	0.009570522904396058
4.84	0.01435578465461731
4.85	0.009570522904396058
4.86	0.004785261452198029
4.87	0.004785261452198029
4.88	0.004785261452198029
4.89	0.004785261452198029
4.9	0.0
4.91	0.0
4.92	0.0
4.93	0.0
4.94	0.0
4.95	0.0
4.96	0.0
4.97	-0.009570522904396058
4.98	-0.004785261452198029
4.99	0.0
5.0	0.0
5.01	0.009570522904396058
5.02	0.01435578465461731
5.03	0.019141045808792116
5.04	0.01435578465461731
5.05	0.0
5.06	0.0
5.07	0.0
5.08	0.004785261452198029
5.09	0.009570522904396058
5.1	0.004785261452198029
5.11	0.0
5.12	0.0
5.13	0.0
5.14	0.0
5.15	0.0
5.16	0.0
5.17	0.0
5.18	0.0
5.19	0.0
5.2	0.0
5.21	0.0
5.22	0.0
5.23	0.004785261452198029
5.24	0.009570522904396058
5.25	0.004785261452198029
5.26	0.0
5.27	0.0
5.28	0.0
5.29	0.0
5.3	0.0
5.31	0.0
5.32	0.0
5.33	0.0
5.34	0.004785261452198029
5.35	0.009570522904396058
5.36	0.009570522904396058
5.37	0.004785261452198029
5.38	0.004785261452198029
5.39	0.0
5.4	0.0
5.41	0.0
5.42	0.004785261452198029
5.43	0.004785261452198029
5.44	0.004785261452198029
5.45	0.0
5.46	0.0
5.47	0.0
5.48	0.0
5.49	0.0
5.5	0.0
5.51	0.0
5.52	0.0
5.53	0.0
5.54	0.0
5.55	0.0
5.56	0.0
5.57	0.004785261452198029
5.58	0.004785261452198029
5.59	0.004785261452198029
5.6	0.0
5.61	0.0
5.62	0.0
5.63	0.0
5.64	0.0
5.65	0.0
5.66	0.0
5.67	0.0
5.68	0.0
5.69	0.004785261452198029
5.7	0.0
5.71	0.0
5.72	-0.004785261452198029
5.73	0.0
5.74	0.0
5.75	0.0
5.76	0.0
5.77	0.0
5.78	0.009570522904396058
5.79	0.004785261452198029
5.8	0.0
5.81	0.0
5.82	0.0
5.83	0.004785261452198029
5.84	0.004785261452198029
5.85	0.0
5.86	0.0
5.87	0.0
5.88	0.0
5.89	0.004785261452198029
5.9	0.004785261452198029
5.91	0.0
5.92	0.0
5.93	0.0
5.94	0.0
5.95	0.0
5.96	0.0
5.97	0.0
5.98	0.004785261452198029
5.99	0.0
6.0	0.0
6.01	0.0
6.02	0.0
6.03	0.0
6.04	0.0
6.05	0.004785261452198029
6.06	0.0
6.07	0.0
6.08	0.0
6.09	0.009570522904396058
6.1	0.004785261452198029
6.11	0.0
6.12	0.0
6.13	0.0
6.14	0.0
6.15	0.0
6.16	0.0
6.17	0.0
6.18	0.0
6.19	0.0
6.2	0.004785261452198029
6.21	0.0
6.22	0.0
6.23	0.0
6.24	0.0
6.25	0.004785261452198029
6.26	0.009570522904396058
6.27	0.009570522904396058
6.28	0.0
6.29	0.0
6.3	0.0
6.31	-0.009570522904396058
6.32	-0.009570522904396058
6.33	-0.004785261452198029
6.34	0.0
6.35	0.0
6.36	0.0
6.37	0.0
6.38	0.0
6.39	0.0
6.4	0.0
6.41	0.0
6.42	0.0
6.43	0.0
6.44	0.0
6.45	0.0
6.46	0.0
6.47	0.0
6.48	0.004785261452198029
6.49	0.004785261452198029
6.5	0.004785261452198029
6.51	0.004785261452198029
6.52	0.0
6.53	0.004785261452198029
6.54	0.009570522904396058
6.55	0.01435578465461731
6.56	0.01435578465461731
6.57	0.009570522904396058
6.58	0.01435578465461731
6.59	0.01435578465461731
6.6	0.009570522904396058
6.61	0.0
6.62	0.0
6.63	0.0
6.64	0.0
6.65	0.0
6.66	0.004785261452198029
6.67	0.0
6.68	0.0
6.69	0.0
6.7	0.0
6.71	0.0
6.72	0.0
6.73	0.0
6.74	0.0
6.75	0.0
6.76	0.0
6.77	0.0
6.78	0.0
6.79	0.0
6.8	0.0
6.81	0.0
6.82	0.0
6.83	0.0
6.84	0.0
6.85	0.0
6.86	0.0
6.87	0.0
6.88	0.0
6.89	0.0
6.9	0.0
6.91	0.004785261452198029
6.92	0.009570522904396058
6.93	0.01435578465461731
6.94	0.009570522904396058
6.95	0.004785261452198029
6.96	0.0
6.97	0.0
6.98	0.0
6.99	0.0
7.0	0.0
7.01	0.009570522904396058
7.02	0.009570522904396058
7.03	0.004785261452198029
7.04	0.0
7.05	0.0
7.06	0.0
7.07	0.0
7.08	0.0
7.09	0.0
7.1	0.004785261452198029
7.11	0.004785261452198029
7.12	0.009570522904396058
7.13	0.009570522904396058
7.14	0.004785261452198029
7.15	0.0
7.16	0.0
7.17	0.0
7.18	0.0
7.19	0.0
7.2	0.0
7.21	0.0
7.22	0.0
7.23	0.0
7.24	0.0
7.25	0.0
7.26	0.0
7.27	0.0
7.28	0.004785261452198029
7.29	0.009570522904396058
7.3	0.004785261452198029
7.31	0.0
7.32	0.0
7.33	0.004785261452198029
7.34	0.01435578465461731
7.35	0.01435578465461731
7.36	0.004785261452198029
7.37	0.0
7.38	0.0
7.39	0.0
7.4	0.0
7.41	-0.004785261452198029
7.42	0.0
7.43	0.0
7.44	0.004785261452198029
7.45	0.009570522904396058
7.46	0.004785261452198029
7.47	0.0
7.48	0.0
7.49	0.0
7.5	0.0
7.51	0.0
7.52	0.0
7.53	0.0
7.54	0.0
7.55	0.0
7.56	0.0
7.57	0.004785261452198029
7.58	0.009570522904396058
7.59	0.0
7.6	0.0
7.61	0.0
7.62	0.0
7.63	0.0
7.64	0.0
7.65	0.0
7.66	0.0
7.67	0.0
7.68	0.0
7.69	0.0
7.7	0.0
7.71	-0.004785261452198029
7.72	-0.009570522904396058
7.73	-0.004785261452198029
7.74	0.0
7.75	0.0
7.76	0.009570522904396058
7.77	0.009570522904396058
7.78	0.0
7.79	0.0
7.8	-0.004785261452198029
7.81	0.0
7.82	0.0
7.83	0.004785261452198029
7.84	0.004785261452198029
7.85	0.0
7.86	0.0
7.87	0.0
7.88	0.0
7.89	0.0
7.9	-0.009570522904396058
7.91	-0.004785261452198029
7.92	-0.004785261452198029
7.93	0.0
7.94	0.0
7.95	0.0
7.96	0.0
7.97	0.004785261452198029
7.98	0.009570522904396058
7.99	0.01435578465461731
8.0	0.004785261452198029
8.01	0.0
8.02	0.0
8.03	0.0
8.04	0.0
8.05	0.0
8.06	0.0
8.07	0.0
8.08	0.0
8.09	0.0
8.1	0.0
8.11	0.0
8.12	0.004785261452198029
8.13	0.0
8.14	0.0
8.15	0.0
8.16	0.0
8.17	0.0
8.18	0.004785261452198029
8.19	0.004785261452198029
8.2	0.0
8.21	0.0
8.22	0.0
8.23	0.0
8.24	0.0
8.25	0.0
8.26	0.0
8.27	0.004785261452198029
8.28	0.004785261452198029
8.29	0.0
8.3	0.0
8.31	0.004785261452198029
8.32	0.009570522904396058
8.33	0.009570522904396058
8.34	0.0
8.35	0.0
8.36	0.004785261452198029
8.37	0.009570522904396058
8.38	0.0
8.39	0.0
8.4	0.0
8.41	0.0
8.42	0.0
8.43	0.0
8.44	0.004785261452198029
8.45	0.0
8.46	0.0
8.47	0.0
8.48	0.004785261452198029
8.49	0.01435578465461731
8.5	0.023926308155059816
8.51	0.023926308155059816
8.52	0.01435578465461731
8.53	0.0
8.54	0.0
8.55	-0.004785261452198029
8.56	0.0
8.57	0.0
8.58	0.0
8.59	0.0
8.6	0.0
8.61	0.0
8.62	0.0
8.63	0.0
8.64	0.0
8.65	0.0
8.66	0.009570522904396058
8.67	0.01435578465461731
8.68	0.009570522904396058
8.69	0.004785261452198029
8.7	0.0
8.71	0.0
8.72	0.0
8.73	-0.004785261452198029
8.74	0.0
8.75	0.0
8.76	0.0
8.77	0.0
8.78	0.0
8.79	0.0
8.8	-0.004785261452198029
8.81	0.0
8.82	0.0
8.83	0.0
8.84	0.0
8.85	0.0
8.86	0.0
8.87	0.0
8.88	0.0
8.89	0.004785261452198029
8.9	0.009570522904396058
8.91	0.009570522904396058
8.92	0.004785261452198029
8.93	0.0
8.94	0.0
8.95	0.0
8.96	0.0
8.97	-0.004785261452198029
8.98	-0.009570522904396058
8.99	-0.004785261452198029
9.0	0.0
9.01	0.0
9.02	0.0
9.03	0.0
9.04	0.009570522904396058
9.05	0.019141045808792116
9.06	0.019141045808792116
9.07	0.009570522904396058
9.08	0.0
9.09	0.0
9.1	0.0
9.11	0.0
9.12	0.0
9.13	0.0
9.14	0.0
9.15	0.0
9.16	0.0
9.17	0.004785261452198029
9.18	0.004785261452198029
9.19	0.0
9.2	0.0
9.21	0.0
9.22	0.0
9.23	0.0
9.24	-0.004785261452198029
9.25	0.0
9.26	0.0
9.27	0.004785261452198029
9.28	0.004785261452198029
9.29	0.0
9.3	0.004785261452198029
9.31	0.01435578465461731
9.32	0.01435578465461731
9.33	0.009570522904396058
9.34	0.004785261452198029
9.35	0.004785261452198029
9.36	0.009570522904396058
9.37	0.004785261452198029
9.38	0.0
9.39	0.0
9.4	0.0
9.41	0.0
9.42	0.0
9.43	0.004785261452198029
9.44	0.009570522904396058
9.45	0.004785261452198029
9.46	0.0
9.47	0.0
9.48	0.0
9.49	0.0
9.5	0.0
9.51	0.0
9.52	0.009570522904396058
9.53	0.01435578465461731
9.54	0.0
9.55	0.0
9.56	0.0
9.57	0.0
9.58	0.0
9.59	0.0
9.6	0.0
9.61	0.0
9.62	0.0
9.63	0.0
9.64	0.0
9.65	0.0
9.66	0.0
9.67	0.0
9.68	0.004785261452198029
9.69	0.01435578465461731
9.7	0.009570522904396058
9.71	0.0
9.72	0.0
9.73	0.0
9.74	0.009570522904396058
9.75	0.004785261452198029
9.76	0.0
9.77	-0.004785261452198029
9.78	-0.004785261452198029
9.79	0.0
9.8	0.0
9.81	0.0
9.82	0.009570522904396058
9.83	0.004785261452198029
9.84	0.0
9.85	0.0
9.86	0.0
9.87	0.0
9.88	0.0
9.89	0.0
9.9	0.0
9.91	0.0
9.92	0.0
9.93	0.0
9.94	0.0
9.95	0.0
9.96	0.0
9.97	0.0
9.98	0.0
9.99	0.0
10.0	0.01435578465461731
10.01	0.01435578465461731
10.02	0.004785261452198029
10.03	0.0
10.04	0.0
10.05	0.0
10.06	0.0
10.07	0.0
10.08	0.0
10.09	0.0
10.1	0.0
10.11	0.004785261452198029
10.12	0.0
10.13	0.0
10.14	0.0
10.15	0.004785261452198029
10.16	0.004785261452198029
10.17	0.0
10.18	0.0
10.19	0.0
10.2	0.0
10.21	0.0
10.22	0.0
10.23	0.0
10.24	0.0
10.25	0.0
10.26	0.0
10.27	0.004785261452198029
10.28	0.0
10.29	0.0
10.3	-0.004785261452198029
10.31	-0.004785261452198029
10.32	0.0
10.33	0.0
10.34	0.0
10.35	0.0
10.36	0.0
10.37	0.0
10.38	0.0
10.39	0.0
10.4	0.0
10.41	0.0
10.42	0.0
10.43	0.0
10.44	0.0
10.45	0.0
10.46	0.0
10.47	0.0
10.48	0.0
10.49	0.004785261452198029
10.5	0.004785261452198029
10.51	0.009570522904396058
10.52	0.009570522904396058
10.53	0.009570522904396058
10.54	0.004785261452198029
10.55	0.0
10.56	0.0
10.57	0.0
10.58	0.0
10.59	0.004785261452198029
10.6	0.009570522904396058
10.61	0.01435578465461731
10.62	0.009570522904396058
10.63	0.009570522904396058
10.64	0.004785261452198029
10.65	0.0
10.66	0.0
10.67	0.0
10.68	0.0
10.69	0.004785261452198029
10.7	0.004785261452198029
10.71	0.0
10.72	0.0
10.73	0.0
10.74	0.0
10.75	0.0
10.76	0.0
10.77	0.0
10.78	0.0
10.79	0.0
10.8	0.004785261452198029
10.81	0.004785261452198029
10.82	0.0
10.83	0.0
10.84	0.004785261452198029
10.85	0.009570522904396058
10.86	0.009570522904396058
10.87	0.009570522904396058
10.88	0.01435578465461731
10.89	0.01435578465461731
10.9	0.01435578465461731
10.91	0.009570522904396058
10.92	0.0
10.93	-0.004785261452198029
10.94	0.0
10.95	0.0
10.96	0.0
10.97	0.0
10.98	0.0
10.99	0.009570522904396058
11.0	0.019141045808792116
11.01	0.009570522904396058
11.02	0.004785261452198029
11.03	0.004785261452198029
11.04	0.009570522904396058
11.05	0.0
11.06	0.0
11.07	0.0
11.08	0.009570522904396058
11.09	0.009570522904396058
11.1	0.0
11.11	0.0
11.12	0.0
11.13	0.0
11.14	0.004785261452198029
11.15	0.004785261452198029
11.16	0.0
11.17	0.0
11.18	0.0
11.19	0.0
11.2	0.0
11.21	0.0
11.22	0.0
11.23	0.0
11.24	0.0
11.25	0.0
11.26	0.0
11.27	0.0
11.28	0.0
11.29	0.0
11.3	0.0
11.31	0.0
11.32	0.004785261452198029
11.33	0.0
11.34	0.0
11.35	0.0
11.36	0.004785261452198029
11.37	0.004785261452198029
11.38	0.0
11.39	0.0
11.4	0.0
11.41	0.0
11.42	0.0
11.43	0.0
11.44	0.0
11.45	0.0
11.46	-0.004785261452198029
11.47	-0.004785261452198029
11.48	0.0
11.49	0.0
11.5	0.004785261452198029
11.51	0.0
11.52	0.0
11.53	0.004785261452198029
11.54	0.004785261452198029
11.55	0.004785261452198029
11.56	0.004785261452198029
11.57	0.004785261452198029
11.58	0.004785261452198029
11.59	0.009570522904396058
11.6	0.01435578465461731
11.61	0.009570522904396058
11.62	0.0
11.63	-0.01435578465461731
11.64	-0.019141045808792116
11.65	-0.009570522904396058
11.66	-0.004785261452198029
11.67	0.0
11.68	0.0
11.69	0.0
11.7	0.0
11.71	0.0
11.72	0.0
11.73	0.0
11.74	0.0
11.75	0.004785261452198029
11.76	0.009570522904396058
11.77	0.009570522904396058
11.78	0.009570522904396058
11.79	0.009570522904396058
11.8	0.004785261452198029
11.81	0.0
11.82	0.0
11.83	0.0
11.84	0.0
11.85	0.0
11.86	0.0
11.87	0.0
11.88	0.0
11.89	0.0
11.9	0.0
11.91	0.0
11.92	0.004785261452198029
11.93	0.0
11.94	0.0
11.95	0.0
11.96	0.0
11.97	0.0
11.98	0.0
11.99	0.0
12.0	0.004785261452198029
12.01	0.0
12.02	0.0
12.03	0.0
12.04	0.004785261452198029
12.05	0.004785261452198029
12.06	0.0
12.07	-0.004785261452198029
12.08	0.0
12.09	0.0
12.1	0.009570522904396058
12.11	0.004785261452198029
12.12	0.0
12.13	0.0
12.14	0.0
12.15	0.0
12.16	0.0
12.17	0.0
12.18	0.0
12.19	0.0
12.2	0.0
12.21	0.0
12.22	0.0
12.23	0.0
12.24	0.0
12.25	0.004785261452198029
12.26	0.004785261452198029
12.27	0.009570522904396058
12.28	0.009570522904396058
12.29	0.009570522904396058
12.3	0.009570522904396058
12.31	0.004785261452198029
12.32	0.004785261452198029
12.33	0.0
12.34	0.0
12.35	0.0
12.36	0.0
12.37	0.0
12.38	-0.004785261452198029
12.39	0.0
12.4	0.0
12.41	0.004785261452198029
12.42	0.0
12.43	0.0
12.44	0.0
12.45	0.0
12.46	0.0
12.47	0.0
12.48	0.0
12.49	0.0
12.5	0.0
12.51	0.0
12.52	0.0
12.53	0.0
12.54	0.0
12.55	0.004785261452198029
12.56	0.004785261452198029
12.57	0.009570522904396058
12.58	0.009570522904396058
12.59	0.009570522904396058
12.6	0.009570522904396058
12.61	0.004785261452198029
12.62	0.0
12.63	0.0
12.64	0.0
12.65	0.0
12.66	0.0
12.67	0.0
12.68	0.0
12.69	0.0
12.7	0.0
12.71	0.0
12.72	0.0
12.73	0.0
12.74	-0.004785261452198029
12.75	0.0
12.76	0.0
12.77	0.0
12.78	0.0
12.79	0.0
12.8	0.0
12.81	0.0
12.82	0.004785261452198029
12.83	0.004785261452198029
12.84	0.0
12.85	0.0
12.86	0.0
12.87	0.0
12.88	0.0
12.89	0.0
12.9	0.0
12.91	0.0
12.92	0.0
12.93	0.0
12.94	0.0
12.95	0.0
12.96	0.0
12.97	0.0
12.98	0.0
12.99	0.0
13.0	0.0
13.01	0.0
13.02	0.0
13.03	0.0
13.04	0.0
13.05	0.0
13.06	0.0
13.07	0.0
13.08	0.009570522904396058
13.09	0.01435578465461731
13.1	0.01435578465461731
13.11	0.004785261452198029
13.12	0.004785261452198029
13.13	0.009570522904396058
13.14	0.009570522904396058
13.15	0.009570522904396058
13.16	0.009570522904396058
13.17	0.009570522904396058
13.18	0.004785261452198029
13.19	0.0
13.2	0.0
13.21	0.0
13.22	0.0
13.23	-0.004785261452198029
13.24	0.0
13.25	0.0
13.26	0.0
13.27	0.0
13.28	0.0
13.29	0.009570522904396058
13.3	0.01435578465461731
13.31	0.004785261452198029
13.32	0.0
13.33	0.0
13.34	0.0
13.35	0.0
13.36	0.0
13.37	0.0
13.38	0.0
13.39	0.0
13.4	0.0
13.41	0.0
13.42	0.0
13.43	0.009570522904396058
13.44	0.019141045808792116
13.45	0.019141045808792116
13.46	0.009570522904396058
13.47	0.0
13.48	0.0
13.49	0.0
13.5	0.0
13.51	0.0
13.52	0.0
13.53	0.0
13.54	0.0
13.55	0.0
13.56	0.0
13.57	0.0
13.58	0.0
13.59	0.0
13.6	0.0
13.61	0.004785261452198029
13.62	0.01435578465461731
13.63	0.019141045808792116
13.64	0.01435578465461731
13.65	0.0
13.66	0.0
13.67	0.0
13.68	0.0
13.69	0.0
13.7	0.0
13.71	0.0
13.72	0.0
13.73	0.0
13.74	0.0
13.75	0.0
13.76	0.0
13.77	0.019141045808792116
13.78	0.02871156930923462
13.79	0.023926308155059816
13.8	0.009570522904396058
13.81	0.0
13.82	0.0
13.83	0.0
13.84	0.0
13.85	-0.004785261452198029
13.86	-0.004785261452198029
13.87	-0.004785261452198029
13.88	-0.009570522904396058
13.89	-0.01435578465461731
13.9	-0.01435578465461731
13.91	-0.004785261452198029
13.92	0.0
13.93	0.009570522904396058
13.94	0.01435578465461731
13.95	0.01435578465461731
13.96	0.01435578465461731
13.97	0.01435578465461731
13.98	0.01435578465461731
13.99	0.019141045808792116
14.0	0.01435578465461731
14.01	0.0
14.02	0.0
14.03	0.0
14.04	0.0
14.05	0.004785261452198029
14.06	0.0
14.07	0.0
14.08	0.0
14.09	0.0
14.1	0.004785261452198029
14.11	0.004785261452198029
14.12	0.0
14.13	0.0
14.14	0.0
14.15	0.0
14.16	0.0
14.17	0.0
14.18	0.0
14.19	0.0
14.2	0.0
14.21	0.0
14.22	0.0
14.23	0.0
14.24	-0.004785261452198029
14.25	0.0
14.26	0.0
14.27	0.009570522904396058
14.28	0.009570522904396058
14.29	0.0
14.3	0.0
14.31	0.0
14.32	0.0
14.33	0.0
14.34	0.0
14.35	0.0
14.36	0.0
14.37	0.0
14.38	0.0
14.39	0.0
14.4	0.0
14.41	0.0
14.42	0.0
14.43	0.0
14.44	0.0
14.45	0.0
14.46	0.0
14.47	0.0
14.48	0.0
14.49	0.004785261452198029
14.5	0.0
14.51	0.0
14.52	0.0
14.53	0.0
14.54	0.0
14.55	0.0
14.56	0.0
14.57	-0.004785261452198029
14.58	-0.004785261452198029
14.59	0.0
14.6	0.0
14.61	0.004785261452198029
14.62	0.009570522904396058
14.63	0.009570522904396058
14.64	0.01435578465461731
14.65	0.01435578465461731
14.66	0.009570522904396058
14.67	0.0
14.68	0.0
14.69	0.0
14.7	0.0
14.71	0.0
14.72	-0.004785261452198029
14.73	-0.01435578465461731
14.74	-0.01435578465461731
14.75	-0.004785261452198029
14.76	0.0
14.77	0.0
14.78	-0.004785261452198029
14.79	0.0
14.8	0.004785261452198029
14.81	0.009570522904396058
14.82	0.004785261452198029
14.83	0.0
14.84	0.0
14.85	0.0
14.86	0.0
14.87	0.0
14.88	0.0
14.89	0.0
14.9	0.004785261452198029
14.91	0.004785261452198029
14.92	0.0
14.93	0.0
14.94	0.0
14.95	0.0
14.96	0.0
14.97	0.0
14.98	0.0
14.99	0.01435578465461731
15.0	0.023926308155059816
15.01	0.019141045808792116
15.02	0.009570522904396058
15.03	0.0
15.04	0.0
15.05	0.0
15.06	0.0
15.07	0.0
15.08	0.0
15.09	0.0
15.1	0.0
15.11	0.0
15.12	0.004785261452198029
15.13	0.009570522904396058
15.14	0.004785261452198029
15.15	0.0
15.16	0.0
15.17	0.0
15.18	0.009570522904396058
15.19	0.019141045808792116
15.2	0.01435578465461731
15.21	0.0
15.22	0.0
15.23	0.0
15.24	0.0
15.25	0.0
15.26	0.0
15.27	0.0
15.28	0.0
15.29	0.0
15.3	0.0
15.31	0.0
15.32	0.01435578465461731
15.33	0.01435578465461731
15.34	0.009570522904396058
15.35	0.004785261452198029
15.36	0.0
15.37	0.0
15.38	0.0
15.39	0.0
15.4	0.0
15.41	0.0
15.42	0.0
15.43	-0.004785261452198029
15.44	0.0
15.45	0.004785261452198029
15.46	0.009570522904396058
15.47	0.0
15.48	0.0
15.49	0.0
15.5	0.0
15.51	0.0
15.52	0.0
15.53	0.0
15.54	0.0
15.55	0.009570522904396058
15.56	0.009570522904396058
15.57	0.004785261452198029
15.58	0.0
15.59	0.0
15.6	0.0
15.61	0.0
15.62	-0.004785261452198029
15.63	-0.009570522904396058
15.64	-0.004785261452198029
15.65	0.0
15.66	0.009570522904396058
15.67	0.004785261452198029
15.68	0.0
15.69	0.0
15.7	0.0
15.71	0.0
15.72	0.004785261452198029
15.73	0.004785261452198029
15.74	0.009570522904396058
15.75	0.004785261452198029
15.76	0.0
15.77	0.0
15.78	0.0
15.79	0.0
15.8	0.0
15.81	0.0
15.82	0.0
15.83	0.0
15.84	0.0
15.85	0.004785261452198029
15.86	0.009570522904396058
15.87	0.01435578465461731
15.88	0.009570522904396058
15.89	0.0
15.9	0.0
15.91	0.0
15.92	0.0
15.93	0.0
15.94	0.0
15.95	0.0
15.96	0.0
15.97	0.0
15.98	0.0
15.99	0.0
16.0	0.0
16.01	0.004785261452198029
16.02	0.01435578465461731
16.03	0.01435578465461731
16.04	0.009570522904396058
16.05	0.009570522904396058
16.06	0.004785261452198029
16.07	0.0
16.08	0.0
16.09	0.0
16.1	0.0
16.11	0.0
16.12	0.0
16.13	0.0
16.14	0.0
16.15	0.0
16.16	-0.004785261452198029
16.17	0.0
16.18	0.0
16.19	0.0
16.2	0.004785261452198029
16.21	0.009570522904396058
16.22	0.01435578465461731
16.23	0.019141045808792116
16.24	0.01435578465461731
16.25	0.009570522904396058
16.26	0.0
16.27	0.0
16.28	0.0
16.29	0.0
16.3	0.0
16.31	0.0
16.32	0.0
16.33	0.0
16.34	0.0
16.35	0.0
16.36	0.0
16.37	0.004785261452198029
16.38	0.0
16.39	0.0
16.4	0.0
16.41	0.004785261452198029
16.42	0.004785261452198029
16.43	0.004785261452198029
16.44	0.0
16.45	0.0
16.46	0.0
16.47	0.0
16.48	0.0
16.49	0.0
16.5	0.0
16.51	0.0
16.52	0.0
16.53	0.0
16.54	0.004785261452198029
16.55	0.009570522904396058
16.56	0.009570522904396058
16.57	0.004785261452198029
16.58	0.004785261452198029
16.59	0.004785261452198029
16.6	0.01435578465461731
16.61	0.01435578465461731
16.62	0.009570522904396058
16.63	0.0
16.64	0.0
16.65	0.0
16.66	0.0
16.67	0.0
16.68	0.0
16.69	0.0
16.7	0.0
16.71	0.0
16.72	0.0
16.73	0.0
16.74	0.004785261452198029
16.75	0.004785261452198029
16.76	0.0
16.77	0.0
16.78	0.004785261452198029
16.79	0.009570522904396058
16.8	0.004785261452198029
16.81	0.0
16.82	0.0
16.83	0.0
16.84	0.0
16.85	0.0
16.86	0.0
16.87	0.0
16.88	0.0
16.89	0.0
16.9	0.0
16.91	0.0
16.92	0.0
16.93	0.0
16.94	0.0
16.95	0.0
16.96	0.0
16.97	-0.004785261452198029
16.98	0.0
16.99	0.0
17.0	0.004785261452198029
17.01	0.009570522904396058
17.02	0.004785261452198029
17.03	0.0
17.04	0.0
17.05	0.0
17.06	0.004785261452198029
17.07	0.004785261452198029
17.08	0.0
17.09	0.0
17.1	0.0
17.11	0.0
17.12	0.0
17.13	0.0
17.14	0.0
17.15	0.0
17.16	0.0
17.17	0.0
17.18	0.004785261452198029
17.19	0.004785261452198029
17.2	0.004785261452198029
17.21	0.0
17.22	0.0
17.23	0.0
17.24	0.0
17.25	0.0
17.26	0.0
17.27	0.0
17.28	0.004785261452198029
17.29	0.0
17.3	0.0
17.31	-0.009570522904396058
17.32	-0.01435578465461731
17.33	-0.004785261452198029
17.34	0.0
17.35	0.0
17.36	0.0
17.37	0.0
17.38	0.0
17.39	0.01435578465461731
17.4	0.023926308155059816
17.41	0.023926308155059816
17.42	0.009570522904396058
17.43	0.0
17.44	0.004785261452198029
17.45	0.009570522904396058
17.46	0.009570522904396058
17.47	0.0
17.48	0.0
17.49	0.0
17.5	0.0
17.51	0.0
17.52	0.0
17.53	0.0
17.54	0.0
17.55	0.004785261452198029
17.56	0.004785261452198029
17.57	0.0
17.58	0.0
17.59	0.0
17.6	0.0
17.61	0.0
17.62	0.0
17.63	-0.009570522904396058
17.64	-0.004785261452198029
17.65	0.0
17.66	0.0
17.67	0.0
17.68	0.0
17.69	0.0
17.7	0.0
17.71	0.0
17.72	0.0
17.73	0.004785261452198029
17.74	0.009570522904396058
17.75	0.009570522904396058
17.76	0.004785261452198029
17.77	0.0
17.78	0.0
17.79	0.004785261452198029
17.8	0.004785261452198029
17.81	0.0
17.82	0.0
17.83	0.0
17.84	0.0
17.85	0.0
17.86	0.0
17.87	0.0
17.88	0.0
17.89	0.0
17.9	0.0
17.91	0.0
17.92	0.0
17.93	0.0
17.94	0.0
17.95	0.004785261452198029
17.96	0.004785261452198029
17.97	0.004785261452198029
17.98	0.004785261452198029
17.99	0.004785261452198029
18.0	0.0
18.01	0.0
18.02	0.0
18.03	0.0
18.04	0.004785261452198029
18.05	0.009570522904396058
18.06	0.004785261452198029
18.07	0.004785261452198029
18.08	0.004785261452198029
18.09	0.004785261452198029
18.1	0.0
18.11	0.0
18.12	0.0
18.13	0.0
18.14	0.0
18.15	0.0
18.16	0.0
18.17	0.0
18.18	0.0
18.19	0.0
18.2	0.0
18.21	0.0
18.22	0.0
18.23	0.0
18.24	0.0
18.25	0.0
18.26	0.0
18.27	0.01435578465461731
18.28	0.023926308155059816
18.29	0.023926308155059816
18.3	0.01435578465461731
18.31	0.009570522904396058
18.32	0.0
18.33	0.0
18.34	0.0
18.35	0.0
18.36	0.0
18.37	0.009570522904396058
18.38	0.009570522904396058
18.39	0.004785261452198029
18.4	0.0
18.41	0.0
18.42	0.0
18.43	0.0
18.44	0.0
18.45	0.0
18.46	0.0
18.47	0.0
18.48	0.0
18.49	0.0
18.5	0.0
18.51	0.0
18.52	0.0
18.53	0.004785261452198029
18.54	0.01435578465461731
18.55	0.009570522904396058
18.56	0.0
18.57	0.0
18.58	0.004785261452198029
18.59	0.009570522904396058
18.6	0.009570522904396058
18.61	0.004785261452198029
18.62	0.0
18.63	0.0
18.64	0.0
18.65	0.0
18.66	0.0
18.67	0.0
18.68	0.0
18.69	0.0
18.7	0.0
18.71	-0.009570522904396058
18.72	-0.004785261452198029
18.73	0.0
18.74	0.0
18.75	0.0
18.76	0.0
18.77	0.0
18.78	0.0
18.79	0.0
18.8	0.0
18.81	0.0
18.82	0.0
18.83	0.009570522904396058
18.84	0.019141045808792116
18.85	0.009570522904396058
18.86	0.0
18.87	-0.009570522904396058
18.88	0.0
18.89	0.0
18.9	0.004785261452198029
18.91	0.0
18.92	0.0
18.93	0.0
18.94	0.0
18.95	0.004785261452198029
18.96	0.004785261452198029
18.97	0.0
18.98	0.0
18.99	0.0
19.0	0.0
19.01	0.004785261452198029
19.02	0.009570522904396058
19.03	0.009570522904396058
19.04	0.004785261452198029
19.05	0.0
19.06	0.0
19.07	0.0
19.08	0.0
19.09	0.0
19.1	0.004785261452198029
19.11	0.004785261452198029
19.12	0.004785261452198029
19.13	0.0
19.14	0.004785261452198029
19.15	0.004785261452198029
19.16	0.004785261452198029
19.17	0.0
19.18	0.0
19.19	0.0
19.2	0.0
19.21	-0.004785261452198029
19.22	-0.01435578465461731
19.23	-0.01435578465461731
19.24	0.0
19.25	0.0
19.26	0.0
19.27	0.0
19.28	0.0
19.29	0.0
19.3	0.004785261452198029
19.31	0.0
19.32	0.0
19.33	0.0
19.34	0.0
19.35	0.0
19.36	0.0
19.37	0.0
19.38	0.0
19.39	0.0
19.4	0.0
19.41	0.0
19.42	0.0
19.43	0.0
19.44	0.0
19.45	0.0
19.46	0.0
19.47	0.0
19.48	0.004785261452198029
19.49	0.004785261452198029
19.5	0.0
19.51	0.0
19.52	0.0
19.53	0.0
19.54	0.004785261452198029
19.55	0.0
19.56	0.0
19.57	0.0
19.58	0.0
19.59	0.0
19.6	0.004785261452198029
19.61	0.009570522904396058
19.62	0.01435578465461731
19.63	0.019141045808792116
19.64	0.01435578465461731
19.65	0.004785261452198029
19.66	0.0
19.67	0.0
19.68	0.004785261452198029
19.69	0.004785261452198029
19.7	0.0
19.71	0.0
19.72	0.0
19.73	0.0
19.74	0.0
19.75	0.0
19.76	-0.004785261452198029
19.77	-0.01435578465461731
19.78	-0.009570522904396058
19.79	0.0
19.8	0.0
19.81	0.0
19.82	0.0
19.83	0.0
19.84	0.0
19.85	0.0
19.86	0.0
19.87	0.0
19.88	0.0
19.89	0.0
19.9	0.0
19.91	0.004785261452198029
19.92	0.0
19.93	0.0
19.94	0.0
19.95	0.0
19.96	0.0
19.97	0.004785261452198029
19.98	0.01435578465461731
19.99	0.01435578465461731
20.0	0.01435578465461731
20.01	0.009570522904396058
20.02	0.009570522904396058
20.03	0.004785261452198029
20.04	0.0
20.05	0.0
20.06	0.0
20.07	0.0
20.08	0.0
20.09	0.0
20.1	0.0
20.11	0.0
20.12	0.0
20.13	0.0
20.14	0.0
20.15	0.004785261452198029
20.16	0.004785261452198029
20.17	0.004785261452198029
20.18	0.004785261452198029
20.19	0.0
20.2	0.004785261452198029
20.21	0.009570522904396058
20.22	0.004785261452198029
20.23	0.0
20.24	0.0
20.25	0.0
20.26	0.0
20.27	0.0
20.28	-0.009570522904396058
20.29	-0.01435578465461731
20.3	-0.009570522904396058
20.31	0.0
20.32	0.0
20.33	0.0
20.34	0.0
20.35	0.0
20.36	0.004785261452198029
20.37	0.009570522904396058
20.38	0.004785261452198029
20.39	0.0
20.4	0.0
20.41	0.0
20.42	0.0
20.43	0.0
20.44	0.0
20.45	0.004785261452198029
20.46	0.004785261452198029
20.47	0.0
20.48	0.0
20.49	0.0
20.5	0.004785261452198029
20.51	0.0
20.52	0.0
20.53	0.0
20.54	0.0
20.55	0.0
20.56	0.0
20.57	0.0
20.58	0.0
20.59	0.0
20.6	0.0
20.61	0.0
20.62	0.004785261452198029
20.63	0.004785261452198029
20.64	0.0
20.65	0.0
20.66	0.0
20.67	0.0
20.68	0.0
20.69	0.0
20.7	0.004785261452198029
20.71	0.01435578465461731
20.72	0.019141045808792116
20.73	0.01435578465461731
20.74	0.0
20.75	0.0
20.76	0.0
20.77	0.0
20.78	0.004785261452198029
20.79	0.004785261452198029
20.8	0.004785261452198029
20.81	0.0
20.82	0.0
20.83	0.0
20.84	0.0
20.85	0.0
20.86	0.0
20.87	0.0
20.88	0.0
20.89	0.0
20.9	0.0
20.91	0.0
20.92	0.0
20.93	-0.004785261452198029
20.94	0.0
20.95	0.0
20.96	0.0
20.97	0.0
20.98	0.0
20.99	0.0
21.0	0.0
21.01	0.004785261452198029
21.02	0.01435578465461731
21.03	0.01435578465461731
21.04	0.009570522904396058
21.05	0.004785261452198029
21.06	0.0
21.07	0.0
21.08	0.0
21.09	0.0
21.1	0.0
21.11	0.0
21.12	0.0
21.13	0.0
21.14	0.0
21.15	0.0
21.16	0.0
21.17	0.0
21.18	0.0
21.19	0.0
21.2	0.0
21.21	0.0
21.22	0.0
21.23	0.0
21.24	0.0
21.25	0.0
21.26	0.0
21.27	0.0
21.28	0.0
21.29	0.0
21.3	0.0
21.31	0.0
21.32	0.0
21.33	0.0
21.34	0.004785261452198029
21.35	0.01435578465461731
21.36	0.01435578465461731
21.37	0.004785261452198029
21.38	0.0
21.39	0.0
21.4	0.0
21.41	0.0
21.42	0.009570522904396058
21.43	0.009570522904396058
21.44	0.0
21.45	0.0
21.46	0.0
21.47	0.0
21.48	0.0
21.49	0.0
21.5	0.0
21.51	0.0
21.52	0.0
21.53	0.004785261452198029
21.54	0.01435578465461731
21.55	0.009570522904396058
21.56	0.0
21.57	0.0
21.58	0.009570522904396058
21.59	0.019141045808792116
21.6	0.019141045808792116
21.61	0.01435578465461731
21.62	0.0
21.63	0.0
21.64	0.0
21.65	0.0
21.66	0.0
21.67	0.004785261452198029
21.68	0.009570522904396058
21.69	0.009570522904396058
21.7	0.009570522904396058
21.71	0.004785261452198029
21.72	0.0
21.73	0.0
21.74	0.0
21.75	0.0
21.76	0.004785261452198029
21.77	0.004785261452198029
21.78	0.0
21.79	0.0
21.8	0.0
21.81	0.009570522904396058
21.82	0.004785261452198029
21.83	0.0
21.84	0.0
21.85	0.0
21.86	0.0
21.87	0.0
21.88	0.004785261452198029
21.89	0.004785261452198029
21.9	0.009570522904396058
21.91	0.009570522904396058
21.92	0.004785261452198029
21.93	0.0
21.94	0.0
21.95	0.0
21.96	0.0
21.97	0.004785261452198029
21.98	0.01435578465461731
21.99	0.009570522904396058
22.0	0.0
22.01	0.0
22.02	0.0
22.03	0.0
22.04	0.0
22.05	0.0
22.06	0.0
22.07	0.0
22.08	0.004785261452198029
22.09	0.004785261452198029
22.1	0.004785261452198029
22.11	0.0
22.12	0.0
22.13	0.0
22.14	0.004785261452198029
22.15	0.01435578465461731
22.16	0.009570522904396058
22.17	0.0
22.18	0.0
22.19	0.0
22.2	0.004785261452198029
22.21	0.009570522904396058
22.22	0.009570522904396058
22.23	0.004785261452198029
22.24	0.004785261452198029
22.25	0.009570522904396058
22.26	0.019141045808792116
22.27	0.023926308155059816
22.28	0.019141045808792116
22.29	0.004785261452198029
22.3	0.0
22.31	0.0
22.32	0.0
22.33	0.0
22.34	0.0
22.35	0.0
22.36	0.0
22.37	0.0
22.38	0.0
22.39	-0.009570522904396058
22.4	-0.009570522904396058
22.41	-0.009570522904396058
22.42	0.0
22.43	0.0
22.44	0.0
22.45	0.0
22.46	0.0
22.47	-0.004785261452198029
22.48	-0.004785261452198029
22.49	-0.004785261452198029
22.5	0.0
22.51	0.0
22.52	0.004785261452198029
22.53	0.0
22.54	0.0
22.55	-0.004785261452198029
22.56	-0.004785261452198029
22.57	-0.004785261452198029
22.58	0.0
22.59	0.0
22.6	0.0
22.61	0.0
22.62	0.01435578465461731
22.63	0.02871156930923462
22.64	0.02871156930923462
22.65	0.019141045808792116
22.66	0.009570522904396058
22.67	0.009570522904396058
22.68	0.0
22.69	-0.01435578465461731
22.7	-0.04306735038757324
22.71	-0.03349683046340943
22.72	-0.009570522904396058
22.73	0.0
22.74	-0.004785261452198029
22.75	-0.01435578465461731
22.76	0.0
22.77	0.01435578465461731
22.78	0.009570522904396058
22.79	0.0
22.8	-0.01435578465461731
22.81	-0.01435578465461731
22.82	-0.01435578465461731
22.83	-0.009570522904396058
22.84	-0.004785261452198029
22.85	0.0
22.86	0.019141045808792116
22.87	0.02871156930923462
22.88	0.019141045808792116
22.89	0.009570522904396058
22.9	0.019141045808792116
22.91	0.03349683046340943
22.92	0.03349683046340943
22.93	0.01435578465461731
22.94	0.0
22.95	-0.004785261452198029
22.96	-0.01435578465461731
22.97	-0.019141045808792116
22.98	0.0
22.99	0.009570522904396058
23.0	0.009570522904396058
23.01	-0.004785261452198029
23.02	-0.023926308155059816
23.03	-0.01435578465461731
23.04	-0.004785261452198029
23.05	-0.019141045808792116
23.06	-0.04785261631011963
23.07	-0.052637877464294436
23.08	-0.02871156930923462
23.09	0.0
23.1	0.0
23.11	0.004785261452198029
23.12	0.009570522904396058
23.13	0.01435578465461731
23.14	0.004785261452198029
23.15	0.0
23.16	0.0
23.17	0.0
23.18	0.019141045808792116
23.19	0.04306735038757324
23.2	0.04306735038757324
23.21	0.023926308155059816
23.22	0.004785261452198029
23.23	0.0
23.24	-0.019141045808792116
23.25	-0.04785261631011963
23.26	-0.062208399772644044
23.27	-0.04306735038757324
23.28	-0.009570522904396058
23.29	0.023926308155059816
23.3	0.07177892208099365
23.31	0.10049049377441406
23.32	0.08613470077514648
23.33	0.03349683046340943
23.34	0.0
23.35	-0.009570522904396058
23.36	0.0
23.37	0.01435578465461731
23.38	0.0
23.39	-0.01435578465461731
23.4	0.0
23.41	0.009570522904396058
23.42	0.009570522904396058
23.43	0.0
23.44	-0.004785261452198029
23.45	0.0
23.46	0.019141045808792116
23.47	0.019141045808792116
23.48	0.023926308155059816
23.49	0.03349683046340943
23.5	0.03349683046340943
23.51	0.009570522904396058
23.52	-0.01435578465461731
23.53	-0.05742313861846924
23.54	-0.08134943962097169
23.55	-0.062208399772644044
23.56	0.0
23.57	0.052637877464294436
23.58	0.04306735038757324
23.59	0.019141045808792116
23.6	0.02871156930923462
23.61	0.03828209161758423
23.62	0.009570522904396058
23.63	-0.01435578465461731
23.64	-0.019141045808792116
23.65	0.0
23.66	0.01435578465461731
23.67	0.004785261452198029
23.68	-0.009570522904396058
23.69	-0.04785261631011963
23.7	-0.07177892208099365
23.71	-0.07656418323516846
23.72	-0.052637877464294436
23.73	-0.009570522904396058
23.74	0.009570522904396058
23.75	0.04785261631011963
23.76	0.08613470077514648
23.77	0.0909199619293213
23.78	0.05742313861846924
23.79	0.02871156930923462
23.8	0.0
23.81	-0.01435578465461731
23.82	0.0
23.83	0.062208399772644044
23.84	0.07177892208099365
23.85	-0.004785261452198029
23.86	-0.07656418323516846
23.87	-0.02871156930923462
23.88	0.04785261631011963
23.89	0.05742313861846924
23.9	0.019141045808792116
23.91	0.01435578465461731
23.92	0.04306735038757324
23.93	0.06699366092681885
23.94	0.05742313861846924
23.95	0.019141045808792116
23.96	-0.02871156930923462
23.97	-0.08613470077514648
23.98	-0.10527575492858887
23.99	-0.10527575492858887
24.0	-0.0909199619293213
24.01	-0.052637877464294436
24.02	0.0
24.03	0.062208399772644044
24.04	0.12441679954528809
24.05	0.10527575492858887
24.06	0.019141045808792116
24.07	-0.02871156930923462
24.08	-0.02871156930923462
24.09	-0.004785261452198029
24.1	0.0
24.11	0.02871156930923462
24.12	0.062208399772644044
24.13	0.05742313861846924
24.14	0.0
24.15	-0.062208399772644044
24.16	-0.0909199619293213
24.17	-0.062208399772644044
24.18	-0.04306735038757324
24.19	-0.04306735038757324
24.2	-0.019141045808792116
24.21	0.03828209161758423
24.22	0.0909199619293213
24.23	0.07656418323516846
24.24	0.01435578465461731
24.25	-0.009570522904396058
24.26	0.0
24.27	0.05742313861846924
24.28	0.08613470077514648
24.29	0.062208399772644044
24.3	0.01435578465461731
24.31	0.0
24.32	0.0
24.33	0.0
24.34	-0.01435578465461731
24.35	-0.06699366092681885
24.36	-0.1435578441619873
24.37	-0.15791362762451172
24.38	-0.062208399772644044
24.39	0.06699366092681885
24.4	0.1483431053161621
24.41	0.10527575492858887
24.42	0.0
24.43	-0.08134943962097169
24.44	-0.08134943962097169
24.45	-0.07177892208099365
24.46	-0.10049049377441406
24.47	-0.12920206069946288
24.48	-0.07177892208099365
24.49	0.062208399772644044
24.5	0.20576623916625977
24.51	0.23926307678222655
24.52	0.15791362762451172
24.53	0.0909199619293213
24.54	0.12441679954528809
24.55	0.18662519454956056
24.56	0.15312836647033692
24.57	0.0
24.58	-0.16748414993286131
24.59	-0.2631893730163574
24.6	-0.20098098754882812
24.61	-0.05742313861846924
24.62	0.023926308155059816
24.63	0.02871156930923462
24.64	-0.01435578465461731
24.65	-0.052637877464294436
24.66	-0.023926308155059816
24.67	0.05742313861846924
24.68	0.1339873218536377
24.69	0.12441679954528809
24.7	0.023926308155059816
24.71	-0.04306735038757324
24.72	-0.023926308155059816
24.73	0.03828209161758423
24.74	0.07177892208099365
24.75	0.04306735038757324
24.76	-0.009570522904396058
24.77	-0.11006101608276367
24.78	-0.19141046524047853
24.79	-0.16748414993286131
24.8	-0.04306735038757324
24.81	0.03349683046340943
24.82	0.009570522904396058
24.83	-0.03349683046340943
24.84	0.0
24.85	0.1435578441619873
24.86	0.21055150985717774
24.87	0.09570523262023926
24.88	-0.07656418323516846
24.89	-0.12920206069946288
24.9	-0.03349683046340943
24.91	0.019141045808792116
24.92	-0.004785261452198029
24.93	-0.06699366092681885
24.94	-0.04785261631011963
24.95	0.03349683046340943
24.96	0.11484627723693848
24.97	0.1339873218536377
24.98	0.08134943962097169
24.99	-0.04785261631011963
25.0	-0.23447780609130858
25.01	-0.28233041763305666
25.02	-0.1387725830078125
25.03	0.03828209161758423
25.04	0.12920206069946288
25.05	0.15312836647033692
25.06	0.15791362762451172
25.07	0.0909199619293213
25.08	-0.052637877464294436
25.09	-0.16269887924194337
25.1	-0.1387725830078125
25.11	-0.02871156930923462
25.12	0.09570523262023926
25.13	0.2440483283996582
25.14	0.2966862106323242
25.15	0.1818399238586426
25.16	0.004785261452198029
25.17	-0.08613470077514648
25.18	-0.10049049377441406
25.19	-0.0909199619293213
25.2	-0.052637877464294436
25.21	0.019141045808792116
25.22	0.12441679954528809
25.23	0.15312836647033692
25.24	0.052637877464294436
25.25	-0.10527575492858887
25.26	-0.19619571685791015
25.27	-0.12441679954528809
25.28	0.009570522904396058
25.29	0.10527575492858887
25.3	0.09570523262023926
25.31	0.023926308155059816
25.32	-0.009570522904396058
25.33	0.03349683046340943
25.34	0.1435578441619873
25.35	0.1483431053161621
25.36	0.009570522904396058
25.37	-0.10527575492858887
25.38	-0.11006101608276367
25.39	-0.04785261631011963
25.4	0.0
25.41	0.004785261452198029
25.42	-0.009570522904396058
25.43	-0.07177892208099365
25.44	-0.10049049377441406
25.45	-0.052637877464294436
25.46	0.0
25.47	0.0
25.48	0.0
25.49	0.023926308155059816
25.5	0.04306735038757324
25.51	0.03349683046340943
25.52	0.04306735038757324
25.53	0.07656418323516846
25.54	0.05742313861846924
25.55	-0.04306735038757324
25.56	-0.1483431053161621
25.57	-0.11006101608276367
25.58	0.009570522904396058
25.59	0.10527575492858887
25.6	0.1387725830078125
25.61	0.1339873218536377
25.62	0.052637877464294436
25.63	-0.06699366092681885
25.64	-0.12441679954528809
25.65	-0.07656418323516846
25.66	-0.02871156930923462
25.67	-0.03349683046340943
25.68	-0.023926308155059816
25.69	-0.004785261452198029
25.7	-0.019141045808792116
25.71	-0.023926308155059816
25.72	0.03828209161758423
25.73	0.15312836647033692
25.74	0.16269887924194337
25.75	0.06699366092681885
25.76	0.0
25.77	0.004785261452198029
25.78	0.03828209161758423
25.79	-0.02871156930923462
25.8	-0.17226940155029297
25.81	-0.21055150985717774
25.82	-0.12441679954528809
25.83	-0.062208399772644044
25.84	-0.11963153839111328
25.85	-0.1818399238586426
25.86	-0.08613470077514648
25.87	0.10049049377441406
25.88	0.22012203216552734
25.89	0.19619571685791015
25.9	0.12920206069946288
25.91	0.10049049377441406
25.92	0.04785261631011963
25.93	-0.05742313861846924
25.94	-0.15312836647033692
25.95	-0.10049049377441406
25.96	0.05742313861846924
25.97	0.17705467224121094
25.98	0.1818399238586426
25.99	0.1339873218536377
26.0	0.06699366092681885
26.01	-0.004785261452198029
26.02	-0.05742313861846924
26.03	-0.05742313861846924
26.04	-0.062208399772644044
26.05	-0.07656418323516846
26.06	-0.052637877464294436
26.07	-0.04785261631011963
26.08	-0.16269887924194337
26.09	-0.3206125259399414
26.1	-0.30147146224975585
26.11	-0.05742313861846924
26.12	0.22012203216552734
26.13	0.38282093048095706
26.14	0.3684651184082031
26.15	0.224907283782959
26.16	0.03349683046340943
26.17	-0.10527575492858887
26.18	-0.1435578441619873
26.19	-0.04785261631011963
26.2	0.023926308155059816
26.21	-0.01435578465461731
26.22	-0.11006101608276367
26.23	-0.062208399772644044
26.24	0.1339873218536377
26.25	0.30625673294067385
26.26	0.28233041763305666
26.27	0.16269887924194337
26.28	0.1483431053161621
26.29	0.224907283782959
26.3	0.17705467224121094
26.31	-0.02871156930923462
26.32	-0.21055150985717774
26.33	-0.18662519454956056
26.34	0.0
26.35	0.1483431053161621
26.36	0.1339873218536377
26.37	-0.009570522904396058
26.38	-0.19141046524047853
26.39	-0.31104198455810544
26.4	-0.3206125259399414
26.41	-0.16269887924194337
26.42	0.062208399772644044
26.43	0.18662519454956056
26.44	0.0909199619293213
26.45	-0.11006101608276367
26.46	-0.21533676147460937
26.47	-0.07656418323516846
26.48	0.16748414993286131
26.49	0.2966862106323242
26.5	0.23447780609130858
26.51	0.11484627723693848
26.52	0.019141045808792116
26.53	-0.07656418323516846
26.54	-0.21533676147460937
26.55	-0.3206125259399414
26.56	-0.3301830291748047
26.57	-0.224907283782959
26.58	-0.062208399772644044
26.59	0.04306735038757324
26.6	0.052637877464294436
26.61	-0.023926308155059816
26.62	-0.1387725830078125
26.63	-0.19619571685791015
26.64	-0.11006101608276367
26.65	0.11484627723693848
26.66	0.38760616302490236
26.67	0.47374088287353516
26.68	0.25840412139892577
26.69	-0.08134943962097169
26.7	-0.30625673294067385
26.71	-0.277545166015625
26.72	-0.08613470077514648
26.73	0.06699366092681885
26.74	0.07177892208099365
26.75	0.0
26.76	-0.03349683046340943
26.77	-0.009570522904396058
26.78	0.019141045808792116
26.79	0.0909199619293213
26.8	0.1818399238586426
26.81	0.22012203216552734
26.82	0.1435578441619873
26.83	0.0
26.84	-0.15312836647033692
26.85	-0.20576623916625977
26.86	-0.12920206069946288
26.87	-0.052637877464294436
26.88	-0.08134943962097169
26.89	-0.1483431053161621
26.9	-0.11006101608276367
26.91	0.023926308155059816
26.92	0.1818399238586426
26.93	0.2631893730163574
26.94	0.2631893730163574
26.95	0.20098098754882812
26.96	0.08134943962097169
26.97	-0.06699366092681885
26.98	-0.2536188507080078
26.99	-0.41153247833251955
27.0	-0.49288192749023435
27.01	-0.445029296875
27.02	-0.224907283782959
27.03	0.08613470077514648
27.04	0.3684651184082031
27.05	0.4833113861083984
27.06	0.445029296875
27.07	0.3541093444824219
27.08	0.277545166015625
27.09	0.16269887924194337
27.1	-0.05742313861846924
27.11	-0.35889461517333987
27.12	-0.5838018798828125
27.13	-0.6268692398071289
27.14	-0.4833113861083984
27.15	-0.19619571685791015
27.16	0.18662519454956056
27.17	0.5646608352661133
27.18	0.6986481475830079
27.19	0.5407345199584961
27.2	0.3206125259399414
27.21	0.21533676147460937
27.22	0.11006101608276367
27.23	-0.11006101608276367
27.24	-0.35889461517333987
27.25	-0.445029296875
27.26	-0.34932407379150393
27.27	-0.17226940155029297
27.28	-0.019141045808792116
27.29	0.03349683046340943
27.3	0.05742313861846924
27.31	0.1435578441619873
27.32	0.2871156883239746
27.33	0.3684651184082031
27.34	0.30147146224975585
27.35	0.12920206069946288
27.36	0.0
27.37	-0.07656418323516846
27.38	-0.1435578441619873
27.39	-0.17705467224121094
27.4	-0.12441679954528809
27.41	-0.04785261631011963
27.42	-0.01435578465461731
27.43	-0.019141045808792116
27.44	-0.023926308155059816
27.45	0.004785261452198029
27.46	0.0909199619293213
27.47	0.11963153839111328
27.48	0.04306735038757324
27.49	0.0
27.5	0.03828209161758423
27.51	0.1339873218536377
27.52	0.11963153839111328
27.53	-0.019141045808792116
27.54	-0.18662519454956056
27.55	-0.23926307678222655
27.56	-0.16269887924194337
27.57	0.0
27.58	0.20098098754882812
27.59	0.25840412139892577
27.6	0.0909199619293213
27.61	-0.07656418323516846
27.62	-0.04306735038757324
27.63	0.1339873218536377
27.64	0.2440483283996582
27.65	0.15312836647033692
27.66	-0.03349683046340943
27.67	-0.1818399238586426
27.68	-0.224907283782959
27.69	-0.21055150985717774
27.7	-0.16748414993286131
27.71	-0.12920206069946288
27.72	-0.10049049377441406
27.73	-0.04306735038757324
27.74	0.052637877464294436
27.75	0.15312836647033692
27.76	0.19619571685791015
27.77	0.19619571685791015
27.78	0.15791362762451172
27.79	0.04306735038757324
27.8	-0.10527575492858887
27.81	-0.21055150985717774
27.82	-0.21533676147460937
27.83	-0.1435578441619873
27.84	-0.04785261631011963
27.85	0.0
27.86	0.03349683046340943
27.87	0.08134943962097169
27.88	0.17705467224121094
27.89	0.2440483283996582
27.9	0.21533676147460937
27.91	0.11963153839111328
27.92	0.019141045808792116
27.93	-0.04785261631011963
27.94	-0.06699366092681885
27.95	-0.03349683046340943
27.96	-0.009570522904396058
27.97	-0.052637877464294436
27.98	-0.10527575492858887
27.99	-0.11484627723693848
28.0	-0.08613470077514648
28.01	-0.04785261631011963
28.02	-0.019141045808792116
28.03	-0.052637877464294436
28.04	-0.09570523262023926
28.05	-0.05742313861846924
28.06	0.052637877464294436
28.07	0.1387725830078125
28.08	0.1339873218536377
28.09	0.12920206069946288
28.1	0.19141046524047853
28.11	0.25840412139892577
28.12	0.2536188507080078
28.13	0.1818399238586426
28.14	0.07656418323516846
28.15	-0.052637877464294436
28.16	-0.224907283782959
28.17	-0.3397535705566406
28.18	-0.3301830291748047
28.19	-0.224907283782959
28.2	-0.08613470077514648
28.21	0.02871156930923462
28.22	0.11484627723693848
28.23	0.1483431053161621
28.24	0.17226940155029297
28.25	0.20098098754882812
28.26	0.1818399238586426
28.27	0.07177892208099365
28.28	-0.04785261631011963
28.29	-0.15312836647033692
28.3	-0.22012203216552734
28.31	-0.2631893730163574
28.32	-0.22969255447387696
28.33	-0.10049049377441406
28.34	0.02871156930923462
28.35	0.06699366092681885
28.36	0.01435578465461731
28.37	-0.023926308155059816
28.38	-0.01435578465461731
28.39	0.03349683046340943
28.4	0.1435578441619873
28.41	0.2679746437072754
28.42	0.32539775848388675
28.43	0.28233041763305666
28.44	0.1818399238586426
28.45	0.04306735038757324
28.46	-0.12441679954528809
28.47	-0.30147146224975585
28.48	-0.3923914337158203
28.49	-0.3732503890991211
28.5	-0.3301830291748047
28.51	-0.29190093994140626
28.52	-0.21055150985717774
28.53	-0.01435578465461731
28.54	0.25840412139892577
28.55	0.5407345199584961
28.56	0.7273596954345704
28.57	0.7560713195800781
28.58	0.5933724212646484
28.59	0.25840412139892577
28.6	-0.10527575492858887
28.61	-0.3971767044067383
28.62	-0.5838018798828125
28.63	-0.6890776062011719
28.64	-0.6460102844238281
28.65	-0.4593851089477539
28.66	-0.21055150985717774
28.67	0.08613470077514648
28.68	0.4593851089477539
28.69	0.7177892303466797
28.7	0.6890776062011719
28.71	0.4545998382568359
28.72	0.20576623916625977
28.73	0.023926308155059816
28.74	-0.11006101608276367
28.75	-0.22969255447387696
28.76	-0.31582725524902344
28.77	-0.34453880310058593
28.78	-0.2679746437072754
28.79	-0.04306735038757324
28.8	0.21533676147460937
28.81	0.35889461517333987
28.82	0.2966862106323242
28.83	0.16269887924194337
28.84	0.11963153839111328
28.85	0.1483431053161621
28.86	0.11484627723693848
28.87	0.0
28.88	-0.1387725830078125
28.89	-0.224907283782959
28.9	-0.22969255447387696
28.91	-0.15791362762451172
28.92	-0.03349683046340943
28.93	0.06699366092681885
28.94	0.12920206069946288
28.95	0.1339873218536377
28.96	0.11006101608276367
28.97	0.0909199619293213
28.98	0.08613470077514648
28.99	0.12441679954528809
29.0	0.17705467224121094
29.01	0.17226940155029297
29.02	0.07177892208099365
29.03	-0.03828209161758423
29.04	-0.10527575492858887
29.05	-0.11963153839111328
29.06	-0.15791362762451172
29.07	-0.21055150985717774
29.08	-0.16748414993286131
29.09	0.0
29.1	0.11963153839111328
29.11	0.09570523262023926
29.12	-0.01435578465461731
29.13	-0.12441679954528809
29.14	-0.1435578441619873
29.15	-0.0909199619293213
29.16	-0.01435578465461731
29.17	0.03349683046340943
29.18	0.07656418323516846
29.19	0.11484627723693848
29.2	0.15791362762451172
29.21	0.19141046524047853
29.22	0.15791362762451172
29.23	0.019141045808792116
29.24	-0.11484627723693848
29.25	-0.18662519454956056
29.26	-0.1818399238586426
29.27	-0.1435578441619873
29.28	-0.05742313861846924
29.29	0.03828209161758423
29.3	0.12441679954528809
29.31	0.1435578441619873
29.32	0.1387725830078125
29.33	0.1339873218536377
29.34	0.08134943962097169
29.35	-0.019141045808792116
29.36	-0.15312836647033692
29.37	-0.2631893730163574
29.38	-0.34453880310058593
29.39	-0.34932407379150393
29.4	-0.23926307678222655
29.41	-0.07177892208099365
29.42	0.06699366092681885
29.43	0.16269887924194337
29.44	0.22012203216552734
29.45	0.277545166015625
29.46	0.32539775848388675
29.47	0.28233041763305666
29.48	0.11006101608276367
29.49	-0.08613470077514648
29.5	-0.16748414993286131
29.51	-0.08613470077514648
29.52	0.02871156930923462
29.53	0.10049049377441406
29.54	0.08134943962097169
29.55	0.019141045808792116
29.56	0.0
29.57	0.009570522904396058
29.58	0.0
29.59	-0.01435578465461731
29.6	0.0
29.61	0.02871156930923462
29.62	0.04306735038757324
29.63	0.03349683046340943
29.64	0.02871156930923462
29.65	0.009570522904396058
29.66	-0.03828209161758423
29.67	-0.11963153839111328
29.68	-0.16748414993286131
29.69	-0.224907283782959
29.7	-0.2966862106323242
29.71	-0.2871156883239746
29.72	-0.16748414993286131
29.73	-0.04306735038757324
29.74	0.004785261452198029
29.75	0.062208399772644044
29.76	0.15791362762451172
29.77	0.2536188507080078
29.78	0.2631893730163574
29.79	0.16269887924194337
29.8	0.01435578465461731
29.81	-0.062208399772644044
29.82	-0.07177892208099365
29.83	-0.03828209161758423
29.84	-0.004785261452198029
29.85	0.004785261452198029
29.86	0.01435578465461731
29.87	0.0
29.88	-0.023926308155059816
29.89	-0.062208399772644044
29.9	-0.062208399772644044
29.91	-0.019141045808792116
29.92	0.01435578465461731
29.93	0.0
29.94	-0.052637877464294436
29.95	-0.07177892208099365
29.96	0.0
29.97	0.0909199619293213
29.98	0.0909199619293213
29.99	0.02871156930923462
30.0	0.0
30.01	0.0
30.02	-0.004785261452198029
30.03	-0.04306735038757324
30.04	-0.07656418323516846
30.05	-0.052637877464294436
30.06	0.009570522904396058
30.07	0.07656418323516846
30.08	0.08613470077514648
30.09	0.02871156930923462
30.1	-0.019141045808792116
30.11	-0.01435578465461731
30.12	0.03828209161758423
30.13	0.08134943962097169
30.14	0.06699366092681885
30.15	0.04306735038757324
30.16	0.062208399772644044
30.17	0.09570523262023926
30.18	0.09570523262023926
30.19	0.052637877464294436
30.2	-0.023926308155059816
30.21	-0.11006101608276367
30.22	-0.12920206069946288
30.23	-0.04785261631011963
30.24	0.06699366092681885
30.25	0.17226940155029297
30.26	0.22012203216552734
30.27	0.19141046524047853
30.28	0.10049049377441406
30.29	0.0
30.3	-0.062208399772644044
30.31	-0.11963153839111328
30.32	-0.17705467224121094
30.33	-0.21533676147460937
30.34	-0.20098098754882812
30.35	-0.11006101608276367
30.36	0.004785261452198029
30.37	0.11484627723693848
30.38	0.17226940155029297
30.39	0.1818399238586426
30.4	0.1483431053161621
30.41	0.07177892208099365
30.42	-0.01435578465461731
30.43	-0.10527575492858887
30.44	-0.1483431053161621
30.45	-0.16748414993286131
30.46	-0.19141046524047853
30.47	-0.19141046524047853
30.48	-0.12441679954528809
30.49	-0.009570522904396058
30.5	0.06699366092681885
30.51	0.11006101608276367
30.52	0.1387725830078125
30.53	0.17705467224121094
30.54	0.17705467224121094
30.55	0.0909199619293213
30.56	-0.03828209161758423
30.57	-0.15791362762451172
30.58	-0.16748414993286131
30.59	-0.09570523262023926
30.6	-0.052637877464294436
30.61	-0.04785261631011963
30.62	0.0
30.63	0.07177892208099365
30.64	0.11484627723693848
30.65	0.08134943962097169
30.66	0.02871156930923462
30.67	0.0
30.68	-0.023926308155059816
30.69	-0.07177892208099365
30.7	-0.11006101608276367
30.71	-0.08134943962097169
30.72	0.0
30.73	0.07656418323516846
30.74	0.11006101608276367
30.75	0.08134943962097169
30.76	0.05742313861846924
30.77	0.07177892208099365
30.78	0.08134943962097169
30.79	0.02871156930923462
30.8	-0.04306735038757324
30.81	-0.08613470077514648
30.82	-0.062208399772644044
30.83	-0.009570522904396058
30.84	0.019141045808792116
30.85	0.023926308155059816
30.86	0.01435578465461731
30.87	0.023926308155059816
30.88	0.08134943962097169
30.89	0.15312836647033692
30.9	0.1818399238586426
30.91	0.1387725830078125
30.92	0.04306735038757324
30.93	-0.019141045808792116
30.94	-0.052637877464294436
30.95	-0.08613470077514648
30.96	-0.15791362762451172
30.97	-0.224907283782959
30.98	-0.22012203216552734
30.99	-0.12920206069946288
31.0	-0.01435578465461731
31.01	0.03828209161758423
31.02	0.03349683046340943
31.03	0.023926308155059816
31.04	0.04306735038757324
31.05	0.062208399772644044
31.06	0.03828209161758423
31.07	-0.009570522904396058
31.08	-0.052637877464294436
31.09	-0.009570522904396058
31.1	0.08613470077514648
31.11	0.17226940155029297
31.12	0.18662519454956056
31.13	0.15791362762451172
31.14	0.12920206069946288
31.15	0.10049049377441406
31.16	0.05742313861846924
31.17	-0.019141045808792116
31.18	-0.1483431053161621
31.19	-0.224907283782959
31.2	-0.19141046524047853
31.21	-0.10527575492858887
31.22	-0.04785261631011963
31.23	-0.03349683046340943
31.24	-0.023926308155059816
31.25	-0.004785261452198029
31.26	-0.023926308155059816
31.27	-0.08613470077514648
31.28	-0.09570523262023926
31.29	0.0
31.3	0.1483431053161621
31.31	0.2679746437072754
31.32	0.33496829986572263
31.33	0.3206125259399414
31.34	0.21533676147460937
31.35	0.062208399772644044
31.36	-0.07656418323516846
31.37	-0.24883359909057617
31.38	-0.3923914337158203
31.39	-0.4258882522583008
31.4	-0.3397535705566406
31.41	-0.20576623916625977
31.42	-0.09570523262023926
31.43	-0.01435578465461731
31.44	0.09570523262023926
31.45	0.277545166015625
31.46	0.40196197509765624
31.47	0.3397535705566406
31.48	0.1339873218536377
31.49	-0.03828209161758423
31.5	-0.12441679954528809
31.51	-0.15791362762451172
31.52	-0.20098098754882812
31.53	-0.2679746437072754
31.54	-0.2871156883239746
31.55	-0.19619571685791015
31.56	-0.04306735038757324
31.57	0.09570523262023926
31.58	0.22969255447387696
31.59	0.3397535705566406
31.6	0.38282093048095706
31.61	0.3541093444824219
31.62	0.2679746437072754
31.63	0.1435578441619873
31.64	0.0
31.65	-0.12441679954528809
31.66	-0.19141046524047853
31.67	-0.21533676147460937
31.68	-0.20576623916625977
31.69	-0.1387725830078125
31.7	-0.01435578465461731
31.71	0.062208399772644044
31.72	0.09570523262023926
31.73	0.07656418323516846
31.74	0.02871156930923462
31.75	-0.03349683046340943
31.76	-0.10527575492858887
31.77	-0.11963153839111328
31.78	-0.07177892208099365
31.79	-0.01435578465461731
31.8	0.0
31.81	0.0
31.82	-0.01435578465461731
31.83	-0.023926308155059816
31.84	-0.01435578465461731
31.85	0.01435578465461731
31.86	0.06699366092681885
31.87	0.11963153839111328
31.88	0.17226940155029297
31.89	0.21055150985717774
31.9	0.224907283782959
31.91	0.18662519454956056
31.92	0.0909199619293213
31.93	0.01435578465461731
31.94	0.0
31.95	0.019141045808792116
31.96	0.0
31.97	-0.07656418323516846
31.98	-0.16269887924194337
31.99	-0.21055150985717774
32.0	-0.20098098754882812
32.01	-0.1387725830078125
32.02	-0.052637877464294436
32.03	0.0
32.04	0.04306735038757324
32.05	0.11484627723693848
32.06	0.18662519454956056
32.07	0.1818399238586426
32.08	0.06699366092681885
32.09	-0.04785261631011963
32.1	-0.0909199619293213
32.11	-0.08134943962097169
32.12	-0.08134943962097169
32.13	-0.08134943962097169
32.14	-0.05742313861846924
32.15	-0.01435578465461731
32.16	0.02871156930923462
32.17	0.07656418323516846
32.18	0.07656418323516846
32.19	0.03349683046340943
32.2	0.0
32.21	-0.004785261452198029
32.22	0.009570522904396058
32.23	0.04785261631011963
32.24	0.07656418323516846
32.25	0.08613470077514648
32.26	0.06699366092681885
32.27	0.02871156930923462
32.28	0.0
32.29	-0.023926308155059816
32.3	-0.052637877464294436
32.31	-0.05742313861846924
32.32	-0.004785261452198029
32.33	0.02871156930923462
32.34	0.0
32.35	-0.06699366092681885
32.36	-0.05742313861846924
32.37	-0.004785261452198029
32.38	-0.009570522904396058
32.39	-0.08134943962097169
32.4	-0.12441679954528809
32.41	-0.10527575492858887
32.42	-0.05742313861846924
32.43	-0.03349683046340943
32.44	-0.03349683046340943
32.45	-0.03828209161758423
32.46	-0.04306735038757324
32.47	-0.01435578465461731
32.48	0.05742313861846924
32.49	0.17705467224121094
32.5	0.2679746437072754
32.51	0.31582725524902344
32.52	0.30147146224975585
32.53	0.20576623916625977
32.54	0.062208399772644044
32.55	-0.04785261631011963
32.56	-0.11006101608276367
32.57	-0.11006101608276367
32.58	-0.08134943962097169
32.59	-0.052637877464294436
32.6	-0.03349683046340943
32.61	-0.03828209161758423
32.62	-0.062208399772644044
32.63	-0.08613470077514648
32.64	-0.07656418323516846
32.65	-0.03349683046340943
32.66	-0.023926308155059816
32.67	-0.06699366092681885
32.68	-0.10049049377441406
32.69	-0.03828209161758423
32.7	0.08134943962097169
32.71	0.17226940155029297
32.72	0.16748414993286131
32.73	0.10527575492858887
32.74	0.062208399772644044
32.75	0.05742313861846924
32.76	0.052637877464294436
32.77	0.019141045808792116
32.78	0.0
32.79	-0.009570522904396058
32.8	-0.004785261452198029
32.81	0.0
32.82	-0.004785261452198029
32.83	-0.023926308155059816
32.84	-0.023926308155059816
32.85	-0.009570522904396058
32.86	-0.02871156930923462
32.87	-0.10527575492858887
32.88	-0.16748414993286131
32.89	-0.11963153839111328
32.9	0.01435578465461731
32.91	0.15791362762451172
32.92	0.21533676147460937
32.93	0.18662519454956056
32.94	0.1339873218536377
32.95	0.08613470077514648
32.96	0.023926308155059816
32.97	-0.02871156930923462
32.98	-0.07656418323516846
32.99	-0.11484627723693848
33.0	-0.1435578441619873
33.01	-0.15312836647033692
33.02	-0.11006101608276367
33.03	-0.03828209161758423
33.04	0.023926308155059816
33.05	0.07656418323516846
33.06	0.11006101608276367
33.07	0.08613470077514648
33.08	0.0
33.09	-0.06699366092681885
33.1	-0.08134943962097169
33.11	-0.04785261631011963
33.12	-0.023926308155059816
33.13	-0.019141045808792116
33.14	-0.004785261452198029
33.15	0.023926308155059816
33.16	0.052637877464294436
33.17	0.05742313861846924
33.18	0.06699366092681885
33.19	0.07177892208099365
33.2	0.03349683046340943
33.21	-0.02871156930923462
33.22	-0.09570523262023926
33.23	-0.10527575492858887
33.24	-0.03349683046340943
33.25	0.07177892208099365
33.26	0.15312836647033692
33.27	0.1387725830078125
33.28	0.07656418323516846
33.29	0.02871156930923462
33.3	0.01435578465461731
33.31	0.01435578465461731
33.32	0.0
33.33	-0.03828209161758423
33.34	-0.08134943962097169
33.35	-0.09570523262023926
33.36	-0.0909199619293213
33.37	-0.08134943962097169
33.38	-0.05742313861846924
33.39	-0.004785261452198029
33.4	0.05742313861846924
33.41	0.11484627723693848
33.42	0.12441679954528809
33.43	0.0909199619293213
33.44	0.07177892208099365
33.45	0.07656418323516846
33.46	0.04785261631011963
33.47	-0.009570522904396058
33.48	-0.08134943962097169
33.49	-0.08613470077514648
33.5	-0.02871156930923462
33.51	0.02871156930923462
33.52	0.08613470077514648
33.53	0.12441679954528809
33.54	0.1483431053161621
33.55	0.16748414993286131
33.56	0.17705467224121094
33.57	0.1435578441619873
33.58	0.062208399772644044
33.59	-0.023926308155059816
33.6	-0.10527575492858887
33.61	-0.15791362762451172
33.62	-0.18662519454956056
33.63	-0.19141046524047853
33.64	-0.16269887924194337
33.65	-0.11484627723693848
33.66	-0.06699366092681885
33.67	-0.01435578465461731
33.68	0.019141045808792116
33.69	0.03828209161758423
33.7	0.03349683046340943
33.71	0.03828209161758423
33.72	0.04785261631011963
33.73	0.004785261452198029
33.74	-0.08613470077514648
33.75	-0.20098098754882812
33.76	-0.224907283782959
33.77	-0.16269887924194337
33.78	-0.07177892208099365
33.79	0.0
33.8	0.062208399772644044
33.81	0.11006101608276367
33.82	0.12920206069946288
33.83	0.1387725830078125
33.84	0.1435578441619873
33.85	0.10049049377441406
33.86	0.019141045808792116
33.87	-0.03349683046340943
33.88	-0.05742313861846924
33.89	-0.05742313861846924
33.9	-0.04785261631011963
33.91	-0.03828209161758423
33.92	-0.019141045808792116
33.93	0.0
33.94	0.0
33.95	-0.019141045808792116
33.96	-0.01435578465461731
33.97	0.04785261631011963
33.98	0.1339873218536377
33.99	0.17705467224121094
34.0	0.1483431053161621
34.01	0.08134943962097169
34.02	0.03349683046340943
34.03	0.019141045808792116
34.04	0.01435578465461731
34.05	0.0
34.06	-0.01435578465461731
34.07	-0.04785261631011963
34.08	-0.07656418323516846
34.09	-0.07656418323516846
34.1	-0.03349683046340943
34.11	0.0
34.12	0.02871156930923462
34.13	0.062208399772644044
34.14	0.0909199619293213
34.15	0.11006101608276367
34.16	0.11963153839111328
34.17	0.10049049377441406
34.18	0.03349683046340943
34.19	-0.052637877464294436
34.2	-0.1339873218536377
34.21	-0.16269887924194337
34.22	-0.12441679954528809
34.23	-0.062208399772644044
34.24	-0.01435578465461731
34.25	0.0
34.26	0.0
34.27	0.03349683046340943
34.28	0.10527575492858887
34.29	0.1435578441619873
34.3	0.11006101608276367
34.31	0.03828209161758423
34.32	0.0
34.33	0.0
34.34	0.01435578465461731
34.35	0.01435578465461731
34.36	-0.02871156930923462
34.37	-0.09570523262023926
34.38	-0.1339873218536377
34.39	-0.1339873218536377
34.4	-0.12920206069946288
34.41	-0.11963153839111328
34.42	-0.07656418323516846
34.43	0.0
34.44	0.03349683046340943
34.45	0.04306735038757324
34.46	0.02871156930923462
34.47	0.023926308155059816
34.48	0.02871156930923462
34.49	0.04785261631011963
34.5	0.05742313861846924
34.51	0.05742313861846924
34.52	0.04785261631011963
34.53	0.023926308155059816
34.54	0.0
34.55	-0.004785261452198029
34.56	0.0
34.57	0.009570522904396058
34.58	0.019141045808792116
34.59	0.004785261452198029
34.6	-0.004785261452198029
34.61	-0.03349683046340943
34.62	-0.062208399772644044
34.63	-0.08134943962097169
34.64	-0.07656418323516846
34.65	-0.04785261631011963
34.66	-0.004785261452198029
34.67	0.02871156930923462
34.68	0.06699366092681885
34.69	0.09570523262023926
34.7	0.09570523262023926
34.71	0.08134943962097169
34.72	0.08134943962097169
34.73	0.10527575492858887
34.74	0.11484627723693848
34.75	0.08613470077514648
34.76	0.03349683046340943
34.77	0.0
34.78	-0.004785261452198029
34.79	0.0
34.8	0.0
34.81	-0.01435578465461731
34.82	-0.004785261452198029
34.83	0.0
34.84	0.0
34.85	-0.02871156930923462
34.86	-0.07177892208099365
34.87	-0.08613470077514648
34.88	-0.08134943962097169
34.89	-0.07656418323516846
34.9	-0.07177892208099365
34.91	-0.052637877464294436
34.92	-0.004785261452198029
34.93	0.04306735038757324
34.94	0.08134943962097169
34.95	0.07177892208099365
34.96	0.01435578465461731
34.97	-0.023926308155059816
34.98	-0.02871156930923462
34.99	0.0
35.0	0.023926308155059816
35.01	0.03349683046340943
35.02	0.03828209161758423
35.03	0.05742313861846924
35.04	0.06699366092681885
35.05	0.03828209161758423
35.06	0.0
35.07	0.0
35.08	0.0
35.09	0.0
35.1	-0.023926308155059816
35.11	-0.04306735038757324
35.12	-0.019141045808792116
35.13	-0.004785261452198029
35.14	-0.019141045808792116
35.15	-0.023926308155059816
35.16	0.0
35.17	0.052637877464294436
35.18	0.09570523262023926
35.19	0.10527575492858887
35.2	0.07656418323516846
35.21	0.04306735038757324
35.22	0.023926308155059816
35.23	0.009570522904396058
35.24	-0.019141045808792116
35.25	-0.08613470077514648
35.26	-0.12920206069946288
35.27	-0.11484627723693848
35.28	-0.07177892208099365
35.29	-0.023926308155059816
35.3	0.0
35.31	0.04306735038757324
35.32	0.10527575492858887
35.33	0.15791362762451172
35.34	0.16748414993286131
35.35	0.1339873218536377
35.36	0.07177892208099365
35.37	0.0
35.38	-0.07177892208099365
35.39	-0.11006101608276367
35.4	-0.08613470077514648
35.41	-0.04785261631011963
35.42	-0.03828209161758423
35.43	-0.04785261631011963
35.44	-0.03349683046340943
35.45	-0.004785261452198029
35.46	0.0
35.47	-0.023926308155059816
35.48	-0.02871156930923462
35.49	-0.004785261452198029
35.5	0.02871156930923462
35.51	0.06699366092681885
35.52	0.07177892208099365
35.53	0.023926308155059816
35.54	-0.04306735038757324
35.55	-0.10527575492858887
35.56	-0.12441679954528809
35.57	-0.11006101608276367
35.58	-0.08613470077514648
35.59	-0.052637877464294436
35.6	0.0
35.61	0.06699366092681885
35.62	0.11006101608276367
35.63	0.12920206069946288
35.64	0.1387725830078125
35.65	0.12441679954528809
35.66	0.04785261631011963
35.67	-0.05742313861846924
35.68	-0.1483431053161621
35.69	-0.16748414993286131
35.7	-0.12920206069946288
35.71	-0.03828209161758423
35.72	0.062208399772644044
35.73	0.1339873218536377
35.74	0.1339873218536377
35.75	0.0909199619293213
35.76	0.06699366092681885
35.77	0.062208399772644044
35.78	0.052637877464294436
35.79	0.03828209161758423
35.8	0.004785261452198029
35.81	-0.023926308155059816
35.82	-0.04785261631011963
35.83	-0.04785261631011963
35.84	-0.019141045808792116
35.85	0.009570522904396058
35.86	0.04306735038757324
35.87	0.04306735038757324
35.88	0.02871156930923462
35.89	0.03349683046340943
35.9	0.062208399772644044
35.91	0.08613470077514648
35.92	0.062208399772644044
35.93	0.0
35.94	-0.08134943962097169
35.95	-0.11006101608276367
35.96	-0.06699366092681885
35.97	0.0
35.98	0.04306735038757324
35.99	0.07656418323516846
36.0	0.06699366092681885
36.01	0.009570522904396058
36.02	-0.04785261631011963
36.03	-0.0909199619293213
36.04	-0.0909199619293213
36.05	-0.09570523262023926
36.06	-0.11484627723693848
36.07	-0.0909199619293213
36.08	0.0
36.09	0.08613470077514648
36.1	0.10527575492858887
36.11	0.04785261631011963
36.12	-0.02871156930923462
36.13	-0.09570523262023926
36.14	-0.11006101608276367
36.15	-0.08134943962097169
36.16	-0.05742313861846924
36.17	-0.05742313861846924
36.18	-0.04785261631011963
36.19	0.0
36.2	0.06699366092681885
36.21	0.12920206069946288
36.22	0.12441679954528809
36.23	0.07177892208099365
36.24	0.03828209161758423
36.25	0.05742313861846924
36.26	0.0909199619293213
36.27	0.07656418323516846
36.28	0.0
36.29	-0.09570523262023926
36.3	-0.16269887924194337
36.31	-0.17705467224121094
36.32	-0.1483431053161621
36.33	-0.10527575492858887
36.34	-0.05742313861846924
36.35	-0.019141045808792116
36.36	0.009570522904396058
36.37	0.04785261631011963
36.38	0.0909199619293213
36.39	0.11484627723693848
36.4	0.11484627723693848
36.41	0.08134943962097169
36.42	0.03828209161758423
36.43	0.0
36.44	-0.04785261631011963
36.45	-0.0909199619293213
36.46	-0.0909199619293213
36.47	-0.03349683046340943
36.48	0.023926308155059816
36.49	0.07656418323516846
36.5	0.08613470077514648
36.51	0.06699366092681885
36.52	0.023926308155059816
36.53	-0.004785261452198029
36.54	-0.009570522904396058
36.55	0.0
36.56	0.01435578465461731
36.57	0.009570522904396058
36.58	0.0
36.59	-0.023926308155059816
36.6	-0.023926308155059816
36.61	0.0
36.62	0.07656418323516846
36.63	0.12920206069946288
36.64	0.12920206069946288
36.65	0.07656418323516846
36.66	0.023926308155059816
36.67	0.0
36.68	-0.01435578465461731
36.69	-0.004785261452198029
36.7	0.019141045808792116
36.71	0.04785261631011963
36.72	0.04306735038757324
36.73	0.019141045808792116
36.74	0.0
36.75	-0.009570522904396058
36.76	-0.02871156930923462
36.77	-0.062208399772644044
36.78	-0.08613470077514648
36.79	-0.07656418323516846
36.8	-0.02871156930923462
36.81	0.004785261452198029
36.82	0.01435578465461731
36.83	0.0
36.84	0.004785261452198029
36.85	0.02871156930923462
36.86	0.06699366092681885
36.87	0.10527575492858887
36.88	0.11006101608276367
36.89	0.07656418323516846
36.9	0.023926308155059816
36.91	-0.019141045808792116
36.92	-0.05742313861846924
36.93	-0.08613470077514648
36.94	-0.12441679954528809
36.95	-0.16269887924194337
36.96	-0.16748414993286131
36.97	-0.12441679954528809
36.98	-0.052637877464294436
36.99	0.0
37.0	0.052637877464294436
37.01	0.08613470077514648
37.02	0.08613470077514648
37.03	0.06699366092681885
37.04	0.062208399772644044
37.05	0.07656418323516846
37.06	0.08613470077514648
37.07	0.07177892208099365
37.08	0.03828209161758423
37.09	0.0
37.1	-0.01435578465461731
37.11	-0.01435578465461731
37.12	-0.004785261452198029
37.13	0.0
37.14	0.0
37.15	0.0
37.16	-0.03349683046340943
37.17	-0.04785261631011963
37.18	-0.02871156930923462
37.19	0.0
37.2	0.023926308155059816
37.21	0.05742313861846924
37.22	0.08613470077514648
37.23	0.0909199619293213
37.24	0.06699366092681885
37.25	0.03349683046340943
37.26	0.01435578465461731
37.27	0.004785261452198029
37.28	0.004785261452198029
37.29	0.02871156930923462
37.3	0.07177892208099365
37.31	0.08613470077514648
37.32	0.04785261631011963
37.33	0.0
37.34	-0.019141045808792116
37.35	-0.01435578465461731
37.36	-0.004785261452198029
37.37	0.0
37.38	0.0
37.39	0.0
37.4	0.0
37.41	0.0
37.42	-0.004785261452198029
37.43	-0.023926308155059816
37.44	-0.04785261631011963
37.45	-0.05742313861846924
37.46	-0.03828209161758423
37.47	0.0
37.48	0.03828209161758423
37.49	0.07656418323516846
37.5	0.07177892208099365
37.51	0.023926308155059816
37.52	-0.01435578465461731
37.53	-0.04785261631011963
37.54	-0.04785261631011963
37.55	-0.02871156930923462
37.56	-0.009570522904396058
37.57	-0.004785261452198029
37.58	-0.009570522904396058
37.59	-0.01435578465461731
37.6	0.0
37.61	0.004785261452198029
37.62	0.004785261452198029
37.63	0.0
37.64	-0.03349683046340943
37.65	-0.08134943962097169
37.66	-0.1339873218536377
37.67	-0.17226940155029297
37.68	-0.15791362762451172
37.69	-0.0909199619293213
37.7	-0.004785261452198029
37.71	0.05742313861846924
37.72	0.12920206069946288
37.73	0.19141046524047853
37.74	0.224907283782959
37.75	0.21533676147460937
37.76	0.17705467224121094
37.77	0.1339873218536377
37.78	0.08613470077514648
37.79	0.01435578465461731
37.8	-0.052637877464294436
37.81	-0.11484627723693848
37.82	-0.1387725830078125
37.83	-0.12441679954528809
37.84	-0.0909199619293213
37.85	-0.06699366092681885
37.86	-0.05742313861846924
37.87	-0.02871156930923462
37.88	0.019141045808792116
37.89	0.08613470077514648
37.9	0.11484627723693848
37.91	0.10049049377441406
37.92	0.062208399772644044
37.93	0.01435578465461731
37.94	-0.01435578465461731
37.95	-0.04785261631011963
37.96	-0.06699366092681885
37.97	-0.062208399772644044
37.98	-0.052637877464294436
37.99	-0.04306735038757324
38.0	-0.019141045808792116
38.01	0.0
38.02	0.019141045808792116
38.03	0.01435578465461731
38.04	0.01435578465461731
38.05	0.02871156930923462
38.06	0.03828209161758423
38.07	0.02871156930923462
38.08	0.009570522904396058
38.09	0.0
38.1	0.0
38.11	-0.009570522904396058
38.12	-0.023926308155059816
38.13	-0.04306735038757324
38.14	-0.052637877464294436
38.15	-0.03349683046340943
38.16	0.0
38.17	0.01435578465461731
38.18	0.02871156930923462
38.19	0.04306735038757324
38.2	0.052637877464294436
38.21	0.04785261631011963
38.22	0.019141045808792116
38.23	-0.009570522904396058
38.24	-0.04306735038757324
38.25	-0.04306735038757324
38.26	-0.019141045808792116
38.27	0.0
38.28	0.0
38.29	0.0
38.3	0.0
38.31	0.0
38.32	0.0
38.33	-0.023926308155059816
38.34	-0.03828209161758423
38.35	-0.009570522904396058
38.36	0.023926308155059816
38.37	0.052637877464294436
38.38	0.05742313861846924
38.39	0.05742313861846924
38.4	0.04785261631011963
38.41	0.02871156930923462
38.42	0.004785261452198029
38.43	0.0
38.44	0.0
38.45	-0.009570522904396058
38.46	-0.023926308155059816
38.47	-0.019141045808792116
38.48	-0.01435578465461731
38.49	-0.023926308155059816
38.5	-0.04306735038757324
38.51	-0.04785261631011963
38.52	-0.02871156930923462
38.53	-0.004785261452198029
38.54	0.0
38.55	0.009570522904396058
38.56	0.004785261452198029
38.57	0.0
38.58	-0.02871156930923462
38.59	-0.04785261631011963
38.6	-0.052637877464294436
38.61	-0.04306735038757324
38.62	-0.01435578465461731
38.63	0.004785261452198029
38.64	0.01435578465461731
38.65	0.0
38.66	-0.004785261452198029
38.67	0.0
38.68	0.009570522904396058
38.69	0.01435578465461731
38.7	0.009570522904396058
38.71	0.0
38.72	-0.009570522904396058
38.73	0.0
38.74	0.009570522904396058
38.75	0.009570522904396058
38.76	0.0
38.77	0.0
38.78	0.0
38.79	0.0
38.8	-0.01435578465461731
38.81	0.0
38.82	0.019141045808792116
38.83	0.019141045808792116
38.84	0.0
38.85	-0.019141045808792116
38.86	-0.01435578465461731
38.87	0.0
38.88	-0.009570522904396058
38.89	-0.01435578465461731
38.9	0.0
38.91	0.052637877464294436
38.92	0.08613470077514648
38.93	0.09570523262023926
38.94	0.0909199619293213
38.95	0.07177892208099365
38.96	0.03349683046340943
38.97	0.0
38.98	0.0
38.99	0.004785261452198029
39.0	0.019141045808792116
39.01	0.019141045808792116
39.02	0.019141045808792116
39.03	0.009570522904396058
39.04	0.0
39.05	-0.004785261452198029
39.06	-0.009570522904396058
39.07	0.0
39.08	0.0
39.09	0.01435578465461731
39.1	0.019141045808792116
39.11	0.0
39.12	-0.009570522904396058
39.13	-0.019141045808792116
39.14	-0.023926308155059816
39.15	-0.019141045808792116
39.16	0.0
39.17	0.009570522904396058
39.18	0.019141045808792116
39.19	0.0
39.2	-0.009570522904396058
39.21	-0.03828209161758423
39.22	-0.04306735038757324
39.23	-0.023926308155059816
39.24	0.0
39.25	0.0
39.26	-0.004785261452198029
39.27	-0.009570522904396058
39.28	-0.01435578465461731
39.29	-0.019141045808792116
39.3	-0.023926308155059816
39.31	-0.004785261452198029
39.32	0.01435578465461731
39.33	0.04306735038757324
39.34	0.062208399772644044
39.35	0.08134943962097169
39.36	0.09570523262023926
39.37	0.10049049377441406
39.38	0.08613470077514648
39.39	0.052637877464294436
39.4	0.009570522904396058
39.41	-0.01435578465461731
39.42	-0.052637877464294436
39.43	-0.07656418323516846
39.44	-0.062208399772644044
39.45	-0.023926308155059816
39.46	0.004785261452198029
39.47	0.023926308155059816
39.48	0.019141045808792116
39.49	0.0
39.5	-0.004785261452198029
39.51	0.0
39.52	0.004785261452198029
39.53	0.023926308155059816
39.54	0.02871156930923462
39.55	0.023926308155059816
39.56	0.009570522904396058
39.57	0.009570522904396058
39.58	0.023926308155059816
39.59	0.03349683046340943
39.6	0.023926308155059816
39.61	0.004785261452198029
39.62	0.0
39.63	0.0
39.64	-0.004785261452198029
39.65	0.0
39.66	0.0
39.67	0.0
39.68	-0.01435578465461731
39.69	-0.03828209161758423
39.7	-0.04306735038757324
39.71	-0.019141045808792116
39.72	0.0
39.73	0.01435578465461731
39.74	0.009570522904396058
39.75	0.004785261452198029
39.76	0.01435578465461731
39.77	0.023926308155059816
39.78	0.019141045808792116
39.79	0.004785261452198029
39.8	0.0
39.81	0.0
39.82	0.004785261452198029
39.83	0.0
39.84	0.0
39.85	-0.01435578465461731
39.86	-0.02871156930923462
39.87	-0.04306735038757324
39.88	-0.03349683046340943
39.89	0.0
39.9	0.03349683046340943
39.91	0.04306735038757324
39.92	0.01435578465461731
39.93	0.0
39.94	0.0
39.95	0.0
39.96	0.01435578465461731
39.97	0.023926308155059816
39.98	0.03349683046340943
39.99	0.052637877464294436
40.0	0.06699366092681885
40.01	0.07656418323516846
40.02	0.07656418323516846
40.03	0.04785261631011963
40.04	0.004785261452198029
40.05	-0.023926308155059816
40.06	-0.04785261631011963
40.07	-0.05742313861846924
40.08	-0.05742313861846924
40.09	-0.04306735038757324
40.1	-0.03349683046340943
40.11	-0.02871156930923462
40.12	-0.01435578465461731
40.13	0.004785261452198029
40.14	0.04306735038757324
40.15	0.052637877464294436
40.16	0.02871156930923462
40.17	0.01435578465461731
40.18	0.01435578465461731
40.19	0.023926308155059816
40.2	0.01435578465461731
40.21	0.0
40.22	-0.009570522904396058
40.23	0.0
40.24	0.0
40.25	0.0
40.26	0.0
40.27	0.019141045808792116
40.28	0.052637877464294436
40.29	0.07177892208099365
40.3	0.05742313861846924
40.31	0.023926308155059816
40.32	0.0
40.33	-0.023926308155059816
40.34	-0.03828209161758423
40.35	-0.04785261631011963
40.36	-0.04785261631011963
40.37	-0.04306735038757324
40.38	-0.03349683046340943
40.39	-0.03349683046340943
40.4	-0.02871156930923462
40.41	-0.004785261452198029
40.42	0.019141045808792116
40.43	0.04785261631011963
40.44	0.04306735038757324
40.45	0.02871156930923462
40.46	0.019141045808792116
40.47	0.019141045808792116
40.48	0.03349683046340943
40.49	0.052637877464294436
40.5	0.05742313861846924
40.51	0.03828209161758423
40.52	0.0
40.53	-0.009570522904396058
40.54	-0.01435578465461731
40.55	-0.01435578465461731
40.56	-0.01435578465461731
40.57	0.0
40.58	0.019141045808792116
40.59	0.02871156930923462
40.6	0.01435578465461731
40.61	0.004785261452198029
40.62	0.004785261452198029
40.63	0.0
40.64	0.0
40.65	0.0
40.66	0.01435578465461731
40.67	0.01435578465461731
40.68	0.0
40.69	-0.03828209161758423
40.7	-0.062208399772644044
40.71	-0.04785261631011963
40.72	-0.009570522904396058
40.73	0.01435578465461731
40.74	0.03828209161758423
40.75	0.052637877464294436
40.76	0.062208399772644044
40.77	0.05742313861846924
40.78	0.04785261631011963
40.79	0.03349683046340943
40.8	0.004785261452198029
40.81	-0.019141045808792116
40.82	-0.04785261631011963
40.83	-0.06699366092681885
40.84	-0.07177892208099365
40.85	-0.07177892208099365
40.86	-0.06699366092681885
40.87	-0.04306735038757324
40.88	-0.009570522904396058
40.89	0.004785261452198029
40.9	0.009570522904396058
40.91	0.0
40.92	0.0
40.93	0.01435578465461731
40.94	0.02871156930923462
40.95	0.03349683046340943
40.96	0.02871156930923462
40.97	0.023926308155059816
40.98	0.009570522904396058
40.99	0.0
41.0	-0.01435578465461731
41.01	-0.019141045808792116
41.02	-0.019141045808792116
41.03	-0.009570522904396058
41.04	0.0
41.05	0.009570522904396058
41.06	0.004785261452198029
41.07	-0.004785261452198029
41.08	-0.019141045808792116
41.09	-0.009570522904396058
41.1	0.0
41.11	0.004785261452198029
41.12	0.009570522904396058
41.13	0.01435578465461731
41.14	0.03349683046340943
41.15	0.04785261631011963
41.16	0.03349683046340943
41.17	0.009570522904396058
41.18	0.0
41.19	0.0
41.2	-0.009570522904396058
41.21	-0.01435578465461731
41.22	0.0
41.23	0.0
41.24	0.004785261452198029
41.25	0.004785261452198029
41.26	0.01435578465461731
41.27	0.019141045808792116
41.28	0.009570522904396058
41.29	0.0
41.3	-0.023926308155059816
41.31	-0.03349683046340943
41.32	-0.02871156930923462
41.33	-0.019141045808792116
41.34	-0.009570522904396058
41.35	0.0
41.36	0.004785261452198029
41.37	0.009570522904396058
41.38	0.01435578465461731
41.39	0.019141045808792116
41.4	0.03349683046340943
41.41	0.04306735038757324
41.42	0.04306735038757324
41.43	0.023926308155059816
41.44	0.0
41.45	-0.01435578465461731
41.46	-0.023926308155059816
41.47	-0.02871156930923462
41.48	-0.03828209161758423
41.49	-0.03828209161758423
41.5	-0.02871156930923462
41.51	-0.009570522904396058
41.52	0.0
41.53	0.004785261452198029
41.54	0.02871156930923462
41.55	0.04306735038757324
41.56	0.04306735038757324
41.57	0.03349683046340943
41.58	0.02871156930923462
41.59	0.03349683046340943
41.6	0.03828209161758423
41.61	0.02871156930923462
41.62	0.009570522904396058
41.63	0.0
41.64	-0.01435578465461731
41.65	-0.01435578465461731
41.66	-0.009570522904396058
41.67	0.0
41.68	0.0
41.69	0.004785261452198029
41.7	0.0
41.71	-0.009570522904396058
41.72	-0.01435578465461731
41.73	-0.004785261452198029
41.74	0.0
41.75	0.019141045808792116
41.76	0.02871156930923462
41.77	0.02871156930923462
41.78	0.009570522904396058
41.79	0.0
41.8	0.0
41.81	0.004785261452198029
41.82	0.0
41.83	0.0
41.84	-0.009570522904396058
41.85	-0.019141045808792116
41.86	-0.03349683046340943
41.87	-0.03828209161758423
41.88	-0.023926308155059816
41.89	0.0
41.9	0.0
41.91	0.004785261452198029
41.92	0.004785261452198029
41.93	0.004785261452198029
41.94	0.023926308155059816
41.95	0.04306735038757324
41.96	0.05742313861846924
41.97	0.03828209161758423
41.98	0.0
41.99	-0.02871156930923462
42.0	-0.04306735038757324
42.01	-0.03828209161758423
42.02	-0.03828209161758423
42.03	-0.04306735038757324
42.04	-0.03828209161758423
42.05	-0.019141045808792116
42.06	0.0
42.07	0.009570522904396058
42.08	0.023926308155059816
42.09	0.023926308155059816
42.1	0.01435578465461731
42.11	0.004785261452198029
42.12	0.0
42.13	0.0
42.14	0.0
42.15	0.0
42.16	0.009570522904396058
42.17	0.03349683046340943
42.18	0.052637877464294436
42.19	0.06699366092681885
42.2	0.07177892208099365
42.21	0.06699366092681885
42.22	0.04306735038757324
42.23	0.004785261452198029
42.24	-0.004785261452198029
42.25	-0.019141045808792116
42.26	-0.02871156930923462
42.27	-0.03828209161758423
42.28	-0.052637877464294436
42.29	-0.052637877464294436
42.3	-0.03349683046340943
42.31	-0.009570522904396058
42.32	0.0
42.33	0.01435578465461731
42.34	0.02871156930923462
42.35	0.019141045808792116
42.36	0.009570522904396058
42.37	0.009570522904396058
42.38	0.023926308155059816
42.39	0.03349683046340943
42.4	0.023926308155059816
42.41	0.0
42.42	-0.009570522904396058
42.43	-0.009570522904396058
42.44	0.0
42.45	0.009570522904396058
42.46	0.019141045808792116
42.47	0.03349683046340943
42.48	0.04785261631011963
42.49	0.04785261631011963
42.5	0.03828209161758423
42.51	0.019141045808792116
42.52	0.0
42.53	-0.004785261452198029
42.54	-0.009570522904396058
42.55	-0.01435578465461731
42.56	-0.023926308155059816
42.57	-0.019141045808792116
42.58	0.0
42.59	0.009570522904396058
42.6	0.02871156930923462
42.61	0.03828209161758423
42.62	0.04306735038757324
42.63	0.04785261631011963
42.64	0.052637877464294436
42.65	0.04785261631011963
42.66	0.03349683046340943
42.67	0.01435578465461731
42.68	0.009570522904396058
42.69	0.009570522904396058
42.7	0.004785261452198029
42.71	0.0
42.72	-0.01435578465461731
42.73	-0.01435578465461731
42.74	0.0
42.75	0.0
42.76	0.0
42.77	0.0
42.78	0.0
42.79	0.0
42.8	0.0
42.81	0.009570522904396058
42.82	0.01435578465461731
42.83	0.01435578465461731
42.84	0.009570522904396058
42.85	0.004785261452198029
42.86	0.0
42.87	-0.004785261452198029
42.88	-0.023926308155059816
42.89	-0.03349683046340943
42.9	-0.023926308155059816
42.91	0.0
42.92	0.019141045808792116
42.93	0.02871156930923462
42.94	0.03349683046340943
42.95	0.02871156930923462
42.96	0.03349683046340943
42.97	0.03828209161758423
42.98	0.03828209161758423
42.99	0.019141045808792116
43.0	-0.004785261452198029
43.01	-0.03349683046340943
43.02	-0.04306735038757324
43.03	-0.03828209161758423
43.04	-0.019141045808792116
43.05	0.0
43.06	0.01435578465461731
43.07	0.023926308155059816
43.08	0.01435578465461731
43.09	0.01435578465461731
43.1	0.023926308155059816
43.11	0.023926308155059816
43.12	0.019141045808792116
43.13	0.02871156930923462
43.14	0.04785261631011963
43.15	0.062208399772644044
43.16	0.04785261631011963
43.17	0.023926308155059816
43.18	0.004785261452198029
43.19	0.0
43.2	-0.01435578465461731
43.21	-0.03349683046340943
43.22	-0.05742313861846924
43.23	-0.06699366092681885
43.24	-0.06699366092681885
43.25	-0.052637877464294436
43.26	-0.023926308155059816
43.27	0.0
43.28	0.01435578465461731
43.29	0.01435578465461731
43.3	0.004785261452198029
43.31	0.009570522904396058
43.32	0.019141045808792116
43.33	0.019141045808792116
43.34	0.01435578465461731
43.35	0.009570522904396058
43.36	0.009570522904396058
43.37	0.0
43.38	0.0
43.39	-0.004785261452198029
43.4	0.0
43.41	0.0
43.42	0.0
43.43	0.0
43.44	-0.009570522904396058
43.45	-0.009570522904396058
43.46	0.0
43.47	0.004785261452198029
43.48	0.009570522904396058
43.49	0.01435578465461731
43.5	0.009570522904396058
43.51	0.0
43.52	0.0
43.53	0.0
43.54	-0.004785261452198029
43.55	-0.004785261452198029
43.56	0.0
43.57	0.0
43.58	0.0
43.59	0.0
43.6	0.0
43.61	0.0
43.62	0.0
43.63	0.023926308155059816
43.64	0.04785261631011963
43.65	0.06699366092681885
43.66	0.06699366092681885
43.67	0.052637877464294436
43.68	0.03349683046340943
43.69	0.02871156930923462
43.7	0.02871156930923462
43.71	0.019141045808792116
43.72	0.0
43.73	0.0
43.74	-0.009570522904396058
43.75	-0.004785261452198029
43.76	-0.004785261452198029
43.77	-0.009570522904396058
43.78	-0.023926308155059816
43.79	-0.03828209161758423
43.8	-0.03828209161758423
43.81	-0.019141045808792116
43.82	0.0
43.83	0.0
43.84	0.0
43.85	0.0
43.86	0.0
43.87	0.019141045808792116
43.88	0.03828209161758423
43.89	0.03828209161758423
43.9	0.01435578465461731
43.91	0.0
43.92	-0.004785261452198029
43.93	-0.009570522904396058
43.94	-0.01435578465461731
43.95	-0.019141045808792116
43.96	-0.009570522904396058
43.97	0.0
43.98	-0.004785261452198029
43.99	-0.01435578465461731
44.0	-0.019141045808792116
44.01	-0.01435578465461731
44.02	0.0
44.03	0.0
44.04	0.004785261452198029
44.05	0.009570522904396058
44.06	0.019141045808792116
44.07	0.019141045808792116
44.08	0.023926308155059816
44.09	0.02871156930923462
44.1	0.03349683046340943
44.11	0.02871156930923462
44.12	0.019141045808792116
44.13	0.009570522904396058
44.14	0.004785261452198029
44.15	0.0
44.16	-0.009570522904396058
44.17	-0.019141045808792116
44.18	-0.019141045808792116
44.19	-0.009570522904396058
44.2	-0.004785261452198029
44.21	0.0
44.22	0.0
44.23	0.0
44.24	0.0
44.25	0.009570522904396058
44.26	0.019141045808792116
44.27	0.019141045808792116
44.28	0.01435578465461731
44.29	0.009570522904396058
44.3	0.004785261452198029
44.31	0.0
44.32	0.004785261452198029
44.33	0.019141045808792116
44.34	0.01435578465461731
44.35	0.0
44.36	0.0
44.37	0.004785261452198029
44.38	0.01435578465461731
44.39	0.009570522904396058
44.4	0.0
44.41	0.0
44.42	0.0
44.43	-0.004785261452198029
44.44	-0.01435578465461731
44.45	-0.01435578465461731
44.46	-0.004785261452198029
44.47	0.0
44.48	0.0
44.49	0.0
44.5	0.0
44.51	-0.009570522904396058
44.52	-0.01435578465461731
44.53	-0.019141045808792116
44.54	-0.019141045808792116
44.55	-0.004785261452198029
44.56	0.0
44.57	0.004785261452198029
44.58	0.01435578465461731
44.59	0.019141045808792116
44.6	0.019141045808792116
44.61	0.01435578465461731
44.62	0.004785261452198029
44.63	0.0
44.64	0.0
44.65	0.0
44.66	0.0
44.67	0.0
44.68	0.0
44.69	-0.004785261452198029
44.7	0.0
44.71	0.004785261452198029
44.72	0.019141045808792116
44.73	0.009570522904396058
44.74	0.0
44.75	-0.019141045808792116
44.76	-0.03349683046340943
44.77	-0.04306735038757324
44.78	-0.04306735038757324
44.79	-0.03349683046340943
44.8	-0.019141045808792116
44.81	-0.004785261452198029
44.82	0.004785261452198029
44.83	0.023926308155059816
44.84	0.02871156930923462
44.85	0.03349683046340943
44.86	0.03828209161758423
44.87	0.04306735038757324
44.88	0.04785261631011963
44.89	0.03828209161758423
44.9	0.023926308155059816
44.91	0.004785261452198029
44.92	0.0
44.93	0.0
44.94	0.0
44.95	0.004785261452198029
44.96	0.0
44.97	-0.004785261452198029
44.98	-0.01435578465461731
44.99	-0.004785261452198029
45.0	0.0
