0.065423
0.072328
0.126161
0.116974
0.149341
0.188503
0.284249
0.191444
0.149160
0.136133
0.145625
0.123971
0.107594
0.113232
0.088265
0.101377
0.071507
0.068126
0.067911
0.064530
0.061024
0.053621
0.048466
0.060681
0.058514
0.057173
0.051983
0.039453
0.038198
0.040759
0.037802
0.037435
0.039466
0.038370
0.041923
0.046260
0.050018
0.049494
0.045943
0.040859
0.038139
0.038400
0.038101
0.035725
0.032118
0.029439
0.030092
0.031597
0.030406
0.031317
0.032344
0.031607
0.029773
0.027441
0.027768
0.030129
0.033266
0.036067
0.037879
0.038929
0.039464
0.039604
0.039888
0.039334
0.037060
0.033233
0.030669
0.033283
0.035552
0.036914
0.037722
0.038059
0.037496
0.035834
0.033360
0.030960
0.029270
0.027554
0.025609
0.023365
0.021034
0.019771
0.019694
0.019082
0.018095
0.017027
0.017539
0.018159
0.018633
0.018973
0.019290
0.019705
0.020272
0.020961
0.021702
0.022480
0.023189
0.023792
0.024241
0.024535
0.024667
0.024781
0.024938
0.024960
0.024802
0.024427
0.023984
0.023587
0.022974
0.023397
0.023568
0.023462
0.023316
0.023174
0.022658
0.021800
0.020721
0.019861
0.019770
0.019649
0.019449
