1.040900
1.063084
1.145856
1.367226
1.493825
2.246831
4.224428
3.331760
3.380089
3.145113
3.545801
3.809340
2.605530
2.051870
2.375133
2.389910
1.821053
1.771064
1.593954
2.019643
2.288504
2.247952
1.998703
1.884693
1.924991
1.837817
1.505157
1.365379
1.413726
1.407806
1.587812
1.589559
1.430085
1.217754
1.136018
1.377654
1.573602
1.482344
1.221917
1.146569
1.043997
0.891009
0.743156
0.737529
0.715478
0.681542
0.660481
0.687424
0.739944
0.743491
0.731389
0.730180
0.730381
0.714726
0.718970
0.692354
0.633219
0.593292
0.531975
0.467467
0.396302
0.346474
0.326998
0.307282
0.292332
0.299281
0.304075
0.305126
0.304865
0.299336
0.289293
0.280544
0.282064
0.296510
0.317942
0.335949
0.341830
0.336427
0.327871
0.322394
0.319115
0.312893
0.300538
0.288630
0.272214
0.252946
0.231190
0.207838
0.185337
0.188484
0.195362
0.202072
0.209786
0.218881
0.231441
0.245366
0.259406
0.270693
0.275942
0.273496
0.264184
0.250190
0.234880
0.227844
0.229862
0.228334
0.223878
0.217727
0.210801
0.201870
0.191377
0.181142
0.170467
0.158391
0.155551
0.152664
0.148320
0.149760
0.153539
0.157526
0.161556
