0.889026
0.911842
1.008347
1.143179
1.986941
2.090439
2.745889
3.506725
2.647067
1.877267
1.356490
1.107333
1.275832
1.310871
1.367636
1.303105
1.198979
1.143654
1.128630
1.065983
0.996771
1.002692
0.940690
0.912697
0.877078
0.839741
0.796728
0.754334
0.718198
0.682962
0.646642
0.604639
0.555022
0.500876
0.447622
0.409317
0.388264
0.370966
0.354653
0.338334
0.322934
0.308379
0.293066
0.276758
0.260777
0.245209
0.231104
0.219108
0.208756
0.199941
0.192815
0.187285
0.182777
0.178638
0.174550
0.170430
0.166221
0.161539
0.156381
0.151077
0.145998
0.141937
0.137945
0.133829
0.129274
0.124303
0.119320
0.114616
0.110163
0.105854
0.101672
0.097672
0.093806
0.089895
0.085805
0.081598
0.077498
0.073729
0.070376
0.067391
0.064683
0.062201
0.059949
0.057961
0.056260
0.054836
0.053658
0.052678
0.051839
0.051077
0.050318
0.049487
0.048521
0.047386
0.046079
0.044639
0.043128
0.041627
0.040210
0.038941
0.037857
0.036971
0.036266
0.035707
0.035240
0.034809
0.034456
0.034836
0.035038
0.035049
0.034864
0.034473
0.033929
0.033257
0.032490
0.031687
0.030866
0.030043
0.029227
0.028428
0.027639
