0.634513
0.651417
0.762075
1.201263
0.962071
1.144050
1.064963
1.029975
1.267576
1.168322
1.362364
1.384489
2.203553
2.185701
1.653453
1.418514
1.557918
1.436635
1.222582
1.202309
0.858772
0.901151
0.892650
1.154324
1.075778
0.908102
0.839049
0.968963
0.921761
0.821932
0.718085
0.710149
0.702574
0.609997
0.556932
0.532654
0.510328
0.482248
0.417511
0.378484
0.393752
0.369472
0.347130
0.367289
0.358575
0.372363
0.353964
0.310721
0.266944
0.251125
0.231915
0.229002
0.222274
0.217699
0.216195
0.218273
0.225182
0.234153
0.260438
0.283693
0.295072
0.294165
0.281833
0.258322
0.245454
0.227803
0.211591
0.193880
0.177437
0.162930
0.150609
0.149933
0.155954
0.163230
0.169500
0.171499
0.167708
0.158827
0.156543
0.152691
0.144758
0.134436
0.128343
0.128147
0.125818
0.121295
0.121389
0.122199
0.125137
0.130138
0.135466
0.139514
0.141667
0.141925
0.139965
0.136743
0.131119
0.125972
0.122114
0.119978
0.125005
0.126739
0.126575
0.124644
0.120663
0.114964
0.107825
0.102074
0.102581
0.106867
0.111008
0.115124
0.119352
0.124025
0.128531
0.132510
0.136041
0.139270
0.141816
0.143664
0.146345
