0.227622
0.231236
0.260260
0.361562
0.435939
0.627516
0.556271
0.602022
0.817501
1.092128
0.773849
0.732428
0.776989
0.796341
0.782762
0.649795
0.717297
0.777506
0.756404
0.613586
0.453583
0.406389
0.462659
0.414859
0.316738
0.278152
0.272116
0.274654
0.249652
0.222962
0.258716
0.257234
0.272325
0.281148
0.259353
0.245398
0.264729
0.260786
0.247246
0.234535
0.207709
0.218413
0.213901
0.204585
0.213604
0.239898
0.243894
0.232170
0.216838
0.194683
0.181542
0.173497
0.161057
0.149615
0.140616
0.136914
0.133474
0.136033
0.133874
0.127423
0.119486
0.113391
0.107433
0.104747
0.108295
0.112081
0.114483
0.116871
0.123783
0.134309
0.144738
0.153988
0.160655
0.163778
0.163811
0.172935
0.183515
0.189761
0.191026
0.187206
0.179767
0.170704
0.161199
0.160765
0.160785
0.163289
0.168739
0.175854
0.182745
0.188243
0.191063
0.189559
0.183129
0.172470
0.160792
0.148971
0.137653
0.128304
0.121729
0.118068
0.116863
0.117383
0.118937
0.121113
0.123805
0.127118
0.131179
0.135712
0.140186
0.143981
0.146520
0.147146
0.145438
0.141677
0.138168
0.133178
0.127115
0.120086
0.112317
0.104261
0.098667
