0.218661
0.221054
0.229835
0.314624
0.306493
0.415838
0.455082
0.584455
0.919412
1.048058
0.968273
0.791935
0.658344
0.680501
0.500249
0.452137
0.459430
0.482135
0.497482
0.503673
0.457860
0.403526
0.374567
0.309252
0.275635
0.251440
0.204147
0.180416
0.168675
0.181166
0.169925
0.166226
0.171170
0.171701
0.178185
0.160589
0.161936
0.161150
0.160300
0.169174
0.175697
0.166944
0.143913
0.139153
0.137067
0.125866
0.129635
0.141271
0.146937
0.142393
0.133705
0.124750
0.118746
0.113206
0.109956
0.109440
0.110106
0.114024
0.121241
0.126524
0.130397
0.134710
0.141558
0.145389
0.147061
0.146509
0.142039
0.134704
0.135172
0.137924
0.142087
0.146750
0.152394
0.158063
0.162433
0.164795
0.165125
0.163964
0.161852
0.156612
0.149092
0.140894
0.133584
0.128001
0.124060
0.121127
0.118258
0.114685
0.110701
0.108235
0.112062
0.114762
0.116188
0.118802
0.123877
0.125529
0.125598
0.126795
0.125452
0.128143
0.132470
0.134997
0.135498
0.134339
0.132301
0.130331
0.129291
0.129645
0.131435
0.134293
0.137653
0.140955
0.143837
0.146223
0.148315
0.149962
0.151081
0.151786
0.152241
0.152603
0.152983
