1.908663
1.968653
2.191289
3.140059
4.897513
4.361489
4.441896
3.626891
6.831541
4.419461
3.250512
3.003181
3.320061
3.928037
4.022414
3.464349
2.933725
2.610214
2.945286
2.886110
1.843771
1.435519
1.611063
1.701526
1.602006
1.562086
1.565309
1.548157
1.467260
1.715919
2.251867
2.553491
2.486109
2.340385
2.403337
2.582420
2.674174
2.569756
2.251435
1.827391
1.484814
1.190002
0.965193
0.807560
0.677032
0.584769
0.541955
0.536915
0.529878
0.499828
0.459769
0.428014
0.392487
0.360440
0.332494
0.305386
0.277072
0.249397
0.235320
0.233336
0.234969
0.238609
0.241313
0.240480
0.235623
0.228414
0.220431
0.213050
0.206730
0.201162
0.195655
0.189178
0.181128
0.174520
0.173185
0.170268
0.166487
0.162792
0.160009
0.158760
0.159510
0.162531
0.167681
0.174192
0.180763
0.185937
0.188586
0.188140
0.184059
0.176781
0.166721
0.154629
0.142134
0.141962
0.140518
0.138103
0.135326
0.132181
0.129860
0.126839
0.123051
0.118683
0.113994
0.109094
0.104180
0.099423
0.094979
0.090913
0.087299
0.084171
0.081530
0.079335
0.077520
0.076003
0.074713
0.073597
0.072610
0.072294
0.072357
0.072566
0.072877
