1.251067
1.287330
1.712493
2.396933
3.119802
5.524955
3.724695
3.067462
2.871637
2.195120
2.281603
2.837984
2.928063
2.738908
3.131268
2.556561
1.907941
1.298668
1.379338
1.264937
1.158114
1.280770
1.271727
1.161139
1.204765
1.203795
1.157804
1.151003
1.199494
1.242809
1.285050
1.430014
1.514178
1.481029
1.429823
1.726448
1.875665
1.764904
1.562194
1.384796
1.222937
1.081025
0.935701
0.826597
0.734654
0.637838
0.549522
0.496913
0.476719
0.464868
0.462276
0.457176
0.457359
0.449611
0.440037
0.429708
0.410075
0.373361
0.351862
0.324786
0.292570
0.264272
0.244600
0.230678
0.215869
0.198577
0.193147
0.182165
0.168876
0.162391
0.153878
0.150722
0.153544
0.152512
0.146358
0.135884
0.122652
0.113276
0.109127
0.102868
0.095977
0.092985
0.091705
0.089863
0.087711
0.085437
0.083181
0.081035
0.079033
0.077122
0.075152
0.072936
0.070352
0.067424
0.064322
0.061293
0.058590
0.056369
0.054734
0.053644
0.052950
0.052423
0.051823
0.050974
0.049823
0.048453
0.047039
0.045784
0.044853
0.044332
0.044232
0.044503
0.045065
0.045828
0.046702
0.047599
0.048431
0.049110
0.049563
0.049741
0.049627
