0.211154
0.245883
0.328588
0.540097
0.598183
0.893595
0.429600
0.337002
0.360870
0.261947
0.227319
0.254939
0.351876
0.330617
0.373103
0.299220
0.230164
0.187478
0.190561
0.238741
0.199615
0.146978
0.122800
0.137808
0.168519
0.185507
0.196412
0.212976
0.196544
0.169462
0.178512
0.192874
0.188869
0.177824
0.180878
0.170861
0.180390
0.192551
0.189485
0.183326
0.171960
0.150800
0.119570
0.102177
0.086816
0.076141
0.077213
0.077579
0.071308
0.062463
0.053668
0.047119
0.043022
0.038364
0.038268
0.038385
0.037887
0.036143
0.034225
0.032677
0.030885
0.030025
0.029629
0.028479
0.026751
0.025042
0.023496
0.022135
0.020875
0.019455
0.019205
0.019673
0.019837
0.019918
0.020014
0.019931
0.019589
0.018930
0.018225
0.017663
0.017235
0.017340
0.018411
0.018950
0.018914
0.018462
0.017699
0.016669
0.015471
0.014700
0.014506
0.014297
0.013826
0.013213
0.013046
0.012994
0.012556
0.012619
0.012728
0.012837
0.012873
0.012859
0.013196
0.013691
0.014359
0.014890
0.015156
0.015068
0.014610
0.013858
0.012990
0.012817
0.012793
0.012624
0.012462
0.012912
0.013194
0.013329
0.013288
0.013509
0.013833
