0.355354
0.397741
0.653463
1.232922
1.542955
0.860594
0.503988
0.425823
0.300359
0.320878
0.300891
0.244211
0.259707
0.229156
0.205786
0.186031
0.176922
0.176825
0.158289
0.148007
0.131858
0.112061
0.114002
0.099382
0.085653
0.080434
0.080549
0.068059
0.053502
0.049085
0.045615
0.040466
0.037225
0.037851
0.042086
0.046633
0.045953
0.045021
0.046110
0.052316
0.052324
0.048306
0.044363
0.040722
0.042074
0.042164
0.041087
0.037391
0.032792
0.034296
0.035047
0.034133
0.032613
0.029978
0.028575
0.028799
0.029705
0.030814
0.031717
0.032133
0.032416
0.032269
0.031600
0.030444
0.028338
0.025881
0.022851
0.020435
0.019291
0.018402
0.017710
0.017311
0.017237
0.017356
0.017541
0.017540
0.017173
0.016450
0.016122
0.015823
0.016212
0.016679
0.016724
0.016257
0.016039
0.015804
0.015664
0.015632
0.016003
0.016228
0.016011
0.015867
0.015322
0.014861
0.014977
0.014941
0.015097
0.015218
0.015201
0.015485
0.015781
0.015942
0.015820
0.015376
0.015124
0.014618
0.013863
0.013000
0.012190
0.011591
0.011230
0.011159
0.011303
0.011567
0.011896
0.012226
0.012485
0.012659
0.012722
0.012714
0.012740
