0.200448
0.219364
0.285644
0.311693
0.563674
0.825390
0.328054
0.263012
0.217475
0.193803
0.270306
0.323290
0.274996
0.238350
0.252250
0.231950
0.202776
0.206336
0.224777
0.218864
0.214009
0.207515
0.197528
0.189278
0.181697
0.178376
0.173969
0.177308
0.160955
0.146838
0.137691
0.131276
0.116623
0.103918
0.091521
0.080836
0.075604
0.070221
0.065931
0.063410
0.061166
0.058410
0.055669
0.053070
0.050589
0.048252
0.046320
0.044794
0.043137
0.040853
0.038201
0.035480
0.033173
0.031702
0.030791
0.029898
0.028850
0.027722
0.026521
0.025363
0.024418
0.023710
0.023218
0.022876
0.022489
0.021867
0.020973
0.019883
0.019485
0.018597
0.017351
0.015907
0.014427
0.013641
0.012911
0.012299
0.012464
0.012646
0.012914
0.013118
0.013452
0.014002
0.014232
0.014152
0.013790
0.013239
0.012451
0.011555
0.010709
0.009981
0.010114
0.010065
0.009773
0.009292
0.008713
0.008330
0.008151
0.008203
0.008163
0.008060
0.007920
0.007752
0.007683
0.007967
0.008249
0.008511
0.008743
0.008933
0.009085
0.009208
0.009311
0.009391
0.009421
0.009426
0.009381
0.009376
0.009302
0.009150
0.008984
0.008731
0.008402
