0.338087
0.350368
0.405885
0.460972
0.706114
1.317862
1.150066
0.984368
0.648428
0.608015
0.704187
0.964624
1.086582
0.933915
0.696682
0.526898
0.604342
0.670497
0.602168
0.471786
0.428224
0.413587
0.434607
0.427678
0.409585
0.346951
0.301662
0.260385
0.212920
0.165769
0.164674
0.172820
0.182007
0.159295
0.135514
0.125172
0.123311
0.111628
0.103982
0.088984
0.078517
0.072189
0.068807
0.066671
0.063812
0.064452
0.066130
0.064343
0.064909
0.062545
0.058019
0.052434
0.047298
0.042775
0.040816
0.040013
0.039176
0.038139
0.037285
0.036631
0.035578
0.033763
0.032873
0.029952
0.026175
0.025558
0.024914
0.023861
0.023628
0.023751
0.023697
0.023460
0.023222
0.023037
0.022775
0.022221
0.021249
0.020278
0.020459
0.020326
0.019885
0.019239
0.018552
0.017976
0.017570
0.017261
0.016893
0.016317
0.015490
0.014458
0.013360
0.012962
0.013124
0.013134
0.013053
0.012915
0.012711
0.012773
0.012734
0.012587
0.012399
0.012215
0.012036
0.011828
0.011567
0.011262
0.010964
0.010739
0.010634
0.010659
0.010783
0.010958
0.011132
0.011260
0.011314
0.011272
0.011103
0.010791
0.010556
0.010310
0.009959
