0.345417
0.374163
0.434240
0.570075
0.578177
1.133563
1.189253
1.068754
0.934920
0.812164
0.784427
1.239223
1.517112
1.386383
1.228508
0.927842
0.972212
0.924643
1.039203
1.078843
1.053821
0.998189
0.932516
0.870138
0.811065
0.748680
0.702447
0.658938
0.613424
0.565098
0.516083
0.468357
0.420936
0.376144
0.334758
0.307205
0.288632
0.270672
0.253794
0.237440
0.222061
0.208503
0.196275
0.184885
0.174096
0.164109
0.155357
0.147703
0.140250
0.132883
0.126111
0.120021
0.114500
0.109519
0.105003
0.100886
0.097186
0.093943
0.091018
0.088124
0.085188
0.082487
0.080285
0.078468
0.076689
0.074749
0.072681
0.070575
0.068524
0.066606
0.064834
0.063058
0.061069
0.058841
0.056596
0.054609
0.052974
0.051583
0.050299
0.049101
0.048069
0.047253
0.046594
0.045957
0.045234
0.044422
0.043597
0.042840
0.042162
0.041497
0.040740
0.039815
0.038712
0.037477
0.036181
0.034883
0.033596
0.032302
0.030980
0.029628
0.028273
0.026967
0.025764
0.024706
0.023800
0.023032
0.022350
0.021701
0.021047
0.020373
0.019688
0.019336
0.019127
0.018852
0.018521
0.018165
0.017825
0.017545
0.017362
0.017354
0.017854
