0.314261
0.442233
0.714743
0.574518
0.713236
1.418774
1.167813
0.694532
0.560077
0.308996
0.308084
0.425235
0.305795
0.255062
0.171870
0.133996
0.111575
0.105141
0.111129
0.116910
0.097706
0.089139
0.075463
0.060753
0.058424
0.063118
0.060694
0.052946
0.051014
0.043893
0.045167
0.039091
0.034048
0.030823
0.033777
0.035545
0.035048
0.032027
0.026964
0.022261
0.022100
0.021411
0.019381
0.017996
0.016717
0.014803
0.013271
0.012183
0.011347
0.010500
0.009770
0.009360
0.009087
0.008696
0.008886
0.009276
0.009721
0.010069
0.010362
0.010564
0.010571
0.010277
0.009624
0.008935
0.008713
0.008409
0.008006
0.007483
0.007022
0.006787
0.006711
0.006768
0.006890
0.007117
0.007258
0.007310
0.007269
0.007167
0.007026
0.006738
0.006257
0.006346
0.006230
0.006000
0.005924
0.005933
0.005971
0.006115
0.006204
0.006212
0.006164
0.006105
0.006069
0.006051
0.006021
0.005973
0.005903
0.005836
0.005890
0.005944
0.006056
0.006257
0.006529
0.006814
0.007029
0.007102
0.007027
0.007111
0.007015
0.006776
0.006702
0.006767
0.006803
0.006875
0.006934
0.006961
0.006962
0.006943
0.006909
0.006859
0.006802
