0.014364
0.014538
0.014793
0.015697
0.019882
0.017728
0.019616
0.019880
0.025547
0.027497
0.033539
0.029173
0.031388
0.027163
0.027373
0.028163
0.026733
0.033713
0.040920
0.040216
0.046069
0.051768
0.046950
0.040796
0.035923
0.039162
0.040093
0.037824
0.036208
0.031517
0.028739
0.029107
0.026569
0.023168
0.022938
0.021245
0.020807
0.021990
0.023035
0.025258
0.029746
0.035108
0.038224
0.037115
0.034833
0.034359
0.033456
0.031430
0.029785
0.028837
0.028429
0.027466
0.025645
0.023677
0.022145
0.021156
0.022492
0.023360
0.023894
0.024735
0.026077
0.027430
0.028172
0.028068
0.027246
0.026225
0.025780
0.026563
0.028621
0.031330
0.033850
0.035500
0.035966
0.035323
0.033851
0.031997
0.030117
0.028398
0.026849
0.025414
0.024061
0.022835
0.021833
0.021124
0.020690
0.020408
0.020109
0.019648
0.018927
0.018023
0.018307
0.018798
0.018874
0.018632
0.018233
0.017778
0.017287
0.016732
0.016120
0.015524
0.015067
0.014852
0.015664
0.016425
0.016939
0.017147
0.017055
0.016758
0.016409
0.016167
0.016147
0.016379
0.016804
0.017302
0.017743
0.018008
0.018030
0.017784
0.017290
0.016588
0.015739
