0.099492
0.101477
0.135324
0.144033
0.180580
0.256945
0.317357
0.447430
0.377765
0.318920
0.308094
0.293145
0.361471
0.348137
0.337780
0.308988
0.273284
0.218799
0.255478
0.230115
0.203748
0.176670
0.160242
0.139506
0.110917
0.087672
0.082495
0.084963
0.080194
0.086769
0.107836
0.106696
0.104033
0.105731
0.102243
0.093231
0.079612
0.074096
0.073392
0.071966
0.066114
0.064698
0.057004
0.049640
0.046766
0.047496
0.048465
0.047870
0.044846
0.040248
0.034937
0.036894
0.038089
0.038154
0.037246
0.035889
0.035530
0.037483
0.041442
0.045573
0.047926
0.047413
0.045079
0.043314
0.041539
0.039409
0.037558
0.036809
0.036264
0.035230
0.035306
0.036407
0.036664
0.036061
0.034697
0.032593
0.029801
0.026783
0.024571
0.023276
0.022398
0.021968
0.021955
0.022415
0.023389
0.024698
0.025972
0.026829
0.027101
0.026862
0.026260
0.025438
0.024470
0.023330
0.022079
0.020855
0.019491
0.018023
0.017679
0.017639
0.017578
0.017239
0.016682
0.016266
0.015939
0.015589
0.015211
0.014821
0.014418
0.013992
0.013544
0.013035
0.012447
0.011749
0.011170
0.010993
0.010652
0.010143
0.009731
0.009751
0.009866
