0.235610
0.258245
0.428848
0.479985
0.684494
0.512643
0.484545
0.347451
0.373740
0.261178
0.220331
0.262780
0.221040
0.194126
0.183132
0.230375
0.226939
0.203517
0.168099
0.146044
0.136520
0.130280
0.131398
0.131319
0.108610
0.088158
0.082632
0.074450
0.055819
0.051713
0.055413
0.052943
0.055990
0.058421
0.061722
0.060734
0.053046
0.048063
0.043326
0.039172
0.035051
0.034636
0.033702
0.031690
0.034574
0.037324
0.037282
0.037411
0.035217
0.031691
0.028560
0.026285
0.027267
0.028816
0.029391
0.028352
0.026643
0.024911
0.023564
0.022082
0.021403
0.021881
0.021775
0.021750
0.021810
0.021910
0.021784
0.021456
0.020446
0.019063
0.017860
0.017860
0.017860
0.017860
0.017860
0.017860
0.017860
0.017860
0.017860
0.017860
0.017860
0.017860
0.017860
0.017860
0.017860
0.017860
0.017860
0.017860
0.017860
0.017860
0.017860
0.017860
0.017860
0.017860
0.017860
0.017860
0.017860
0.017860
0.017860
0.017860
0.017860
0.017860
0.017860
0.017860
0.017860
0.017860
0.017860
0.017860
0.017860
0.017860
0.017860
0.017860
0.017860
0.017860
0.017860
0.017860
0.017860
0.017860
0.017860
0.017860
0.017860
