0.926821
0.974011
1.032802
1.374576
1.028953
1.247617
1.755013
2.042066
2.728232
2.238982
2.143268
2.663628
2.533965
2.151011
1.685038
1.412163
1.389435
1.449444
1.500841
1.517314
1.517194
1.504538
1.478106
1.432788
1.372550
1.306263
1.230783
1.148889
1.065850
0.985434
0.908495
0.846223
0.785295
0.726756
0.670970
0.618591
0.568476
0.521283
0.477771
0.436477
0.399008
0.365536
0.335765
0.308604
0.283639
0.261859
0.242918
0.226004
0.211029
0.197784
0.185881
0.175243
0.165944
0.157749
0.150322
0.143702
0.138093
0.133501
0.129764
0.126601
0.123799
0.121324
0.119110
0.116900
0.114380
0.111470
0.108385
0.105375
0.102673
0.100291
0.098050
0.095744
0.093157
0.090300
0.087316
0.084411
0.081642
0.079014
0.076504
0.074105
0.071846
0.069772
0.067901
0.066203
0.064630
0.063697
0.063012
0.062473
0.062049
0.061725
0.061461
0.061240
0.061034
0.060802
0.060496
0.060071
0.059504
0.058795
0.057972
0.057081
0.056175
0.055303
0.054501
0.053786
0.053158
0.052603
0.052100
0.051622
0.051147
0.050653
0.050125
0.049553
0.048934
0.048269
0.047579
0.046982
0.046365
0.045541
0.044582
0.043739
0.042991
