0.021819
0.021942
0.021867
0.022034
0.022154
0.022091
0.022223
0.021872
0.023863
0.023143
0.025057
0.026922
0.028053
0.027686
0.030301
0.032517
0.029887
0.037486
0.039880
0.038693
0.040824
0.040876
0.040411
0.040998
0.040419
0.037580
0.031619
0.031403
0.032682
0.031829
0.034628
0.034778
0.033986
0.031347
0.032820
0.032299
0.039632
0.044028
0.045450
0.044813
0.042334
0.039270
0.038470
0.039106
0.039672
0.039928
0.039008
0.039460
0.038308
0.037171
0.035286
0.037823
0.041054
0.042924
0.044430
0.045152
0.044575
0.043911
0.041399
0.037641
0.039634
0.041806
0.044896
0.046956
0.048556
0.050710
0.053985
0.058490
0.063247
0.066640
0.068321
0.069490
0.071564
0.075257
0.079238
0.081921
0.082491
0.081016
0.078703
0.077193
0.075088
0.072797
0.073272
0.074301
0.074865
0.075423
0.075028
0.073815
0.072120
0.070001
0.068760
0.067954
0.066438
0.064082
0.060811
0.058244
0.057126
0.055189
0.052469
0.049087
0.045240
0.041219
0.037337
0.033903
0.031111
0.029792
0.030315
0.030948
0.031853
0.033131
0.034779
0.036664
0.038576
0.040293
0.041642
0.042533
0.042962
0.042996
0.042747
0.042341
0.041895
