0.014232
0.014255
0.014272
0.014418
0.014902
0.014783
0.015454
0.015036
0.016146
0.015552
0.016673
0.018554
0.019196
0.019831
0.020436
0.016364
0.018038
0.018978
0.020384
0.021542
0.022100
0.021871
0.023581
0.025227
0.026302
0.025332
0.025079
0.021068
0.019853
0.022169
0.022208
0.019454
0.018543
0.020459
0.020333
0.021509
0.025793
0.028169
0.028068
0.025652
0.022392
0.022288
0.023180
0.022605
0.023918
0.023580
0.022001
0.021156
0.021863
0.023075
0.024168
0.024901
0.026579
0.028700
0.030462
0.031625
0.032687
0.033523
0.033612
0.032882
0.031449
0.029465
0.027196
0.025744
0.024076
0.022889
0.023191
0.023357
0.024609
0.026098
0.027743
0.029547
0.031197
0.032123
0.031883
0.030497
0.028438
0.027704
0.027585
0.027288
0.026795
0.025836
0.026365
0.027376
0.028415
0.029572
0.030651
0.031277
0.031074
0.029965
0.029434
0.028388
0.026882
0.025708
0.025941
0.025502
0.024563
0.023335
0.022026
0.020804
0.020377
0.020104
0.019950
0.019866
0.019862
0.020011
0.020389
0.020979
0.021667
0.022293
0.022731
0.022927
0.022906
0.022740
0.022510
0.022271
0.022495
0.022995
0.023305
0.023405
0.023278
