0.286580
0.328082
0.377169
0.560475
1.267844
1.279962
1.132083
0.541706
0.541195
0.495725
0.522951
0.346577
0.390403
0.341351
0.276782
0.240397
0.207887
0.196095
0.209552
0.200309
0.184215
0.175502
0.176379
0.171780
0.175332
0.170690
0.160156
0.147478
0.137366
0.129463
0.146003
0.135812
0.106978
0.095156
0.087608
0.091986
0.103262
0.111860
0.114321
0.117474
0.127029
0.135103
0.140315
0.140135
0.135999
0.133850
0.131875
0.130279
0.125621
0.116744
0.104495
0.091259
0.081203
0.073368
0.071049
0.067897
0.065567
0.062405
0.057397
0.051226
0.045068
0.039699
0.035539
0.034721
0.033863
0.032940
0.032289
0.031551
0.030718
0.029920
0.029224
0.028598
0.029788
0.030668
0.031103
0.031067
0.030629
0.029935
0.029183
0.028411
0.027839
0.027607
0.026836
0.025599
0.025550
0.025501
0.025367
0.025113
0.024644
0.023876
0.022812
0.021519
0.020075
0.018580
0.017106
0.015813
0.015314
0.014828
0.014380
0.013991
0.013676
0.013437
0.013263
0.013134
0.013028
0.012926
0.012818
0.012699
0.012620
0.012603
0.012575
0.012635
0.012676
0.012685
0.012654
0.012577
0.012454
0.012288
0.012085
0.011849
0.011585
