0.014902
0.014976
0.015646
0.019142
0.018896
0.020705
0.022283
0.019935
0.020008
0.020383
0.025098
0.026594
0.024299
0.027941
0.029176
0.032413
0.040611
0.042333
0.038036
0.034117
0.032451
0.033490
0.031216
0.034555
0.039706
0.040642
0.039983
0.038859
0.035684
0.037845
0.036872
0.039367
0.040818
0.039905
0.042180
0.040748
0.038394
0.037970
0.039925
0.042044
0.042449
0.040255
0.036544
0.035663
0.035324
0.034378
0.034083
0.035153
0.037457
0.041274
0.044447
0.043953
0.040672
0.043910
0.047123
0.048230
0.048117
0.047854
0.047490
0.045436
0.042594
0.043084
0.041842
0.039236
0.036774
0.035828
0.034475
0.032738
0.030640
0.032331
0.035039
0.037280
0.038477
0.039282
0.040846
0.040730
0.039385
0.037433
0.035385
0.033545
0.032267
0.031680
0.030961
0.029884
0.028329
0.027759
0.026833
0.025517
0.023940
0.022276
0.020696
0.019313
0.018190
0.017325
0.016671
0.016157
0.015698
0.015233
0.014729
0.014184
0.013609
0.013021
0.012434
0.012355
0.012150
0.012093
0.011909
0.011647
0.011389
0.011209
0.011150
0.011211
0.011357
0.011546
0.011739
0.011898
0.011985
0.011957
0.011776
0.011427
0.011612
