0.037892
0.038814
0.045091
0.062603
0.085982
0.070393
0.090813
0.089443
0.083686
0.096109
0.084948
0.082826
0.076818
0.080510
0.122953
0.104122
0.113130
0.125799
0.097650
0.104270
0.097727
0.081452
0.074122
0.072099
0.066842
0.069936
0.073162
0.069455
0.066460
0.073692
0.092276
0.098907
0.099803
0.103745
0.100058
0.087111
0.076316
0.075387
0.074422
0.066249
0.054412
0.049806
0.052827
0.058135
0.059690
0.058519
0.055343
0.051063
0.048833
0.047977
0.046653
0.044501
0.041859
0.042777
0.045359
0.047739
0.049064
0.049546
0.049431
0.048768
0.046814
0.042856
0.040977
0.041507
0.043913
0.045844
0.046830
0.048351
0.051345
0.052707
0.052191
0.050216
0.047533
0.044200
0.041400
0.040822
0.040389
0.039984
0.039565
0.039086
0.038460
0.037700
0.036932
0.036338
0.036074
0.036112
0.036289
0.036392
0.036244
0.035808
0.035124
0.034291
0.033317
0.032170
0.031940
0.033498
0.035050
0.035816
0.035646
0.034554
0.032717
0.032662
0.032435
0.032051
0.031603
0.031159
0.030766
0.030436
0.030156
0.029903
0.029653
0.029391
0.029109
0.028801
0.028509
0.028149
0.027717
0.027221
0.026635
0.025968
0.025255
