0.261804
0.267556
0.351614
0.652487
1.072381
1.107971
0.920959
0.630734
0.609552
0.535896
0.563840
0.453134
0.353722
0.382526
0.290254
0.260664
0.226587
0.198260
0.210222
0.256822
0.238204
0.249031
0.248332
0.241355
0.239796
0.245205
0.251814
0.252921
0.247495
0.235894
0.221985
0.207463
0.195919
0.188165
0.178380
0.167686
0.157211
0.146918
0.136964
0.128700
0.119927
0.112502
0.105300
0.098283
0.091992
0.088563
0.085633
0.083740
0.084821
0.083414
0.079395
0.073233
0.068239
0.067053
0.065878
0.064874
0.063535
0.061914
0.060083
0.058064
0.056013
0.054299
0.053238
0.052710
0.052239
0.051349
0.049842
0.047866
0.046869
0.049175
0.050860
0.052062
0.052855
0.053181
0.052813
0.051737
0.050654
0.050245
0.049221
0.047705
0.046128
0.044672
0.044076
0.045050
0.045580
0.045075
0.043644
0.041589
0.039658
0.037905
0.035895
0.033734
0.031458
0.030083
0.028947
0.027674
0.026542
0.025589
0.025086
0.024995
0.024716
0.024244
0.023625
0.022933
0.022271
0.021856
0.021522
0.021335
0.021337
0.021421
0.021560
0.021718
0.021874
0.022006
0.022098
0.022146
0.022149
0.022106
0.022015
0.021868
0.021659
