0.019228
0.019640
0.023236
0.030838
0.033378
0.032303
0.030930
0.049122
0.051336
0.048459
0.057748
0.062670
0.056606
0.052473
0.046774
0.054121
0.047942
0.035095
0.029896
0.028301
0.034172
0.037950
0.032777
0.031570
0.029072
0.027380
0.025601
0.027397
0.028412
0.028125
0.027534
0.026842
0.026300
0.026375
0.030210
0.033250
0.033571
0.033865
0.032740
0.032137
0.033406
0.033562
0.032258
0.031690
0.033288
0.034529
0.033986
0.030798
0.026850
0.029593
0.030124
0.029749
0.027889
0.029860
0.030479
0.029648
0.028466
0.027286
0.026778
0.027324
0.028766
0.030497
0.031751
0.032894
0.033033
0.032172
0.030374
0.028031
0.025798
0.023651
0.021926
0.020759
0.020085
0.019732
0.019497
0.019206
0.018777
0.018178
0.017616
0.017117
0.016489
0.015840
0.015269
0.014836
0.014561
0.014413
0.014345
0.014304
0.014234
0.014092
0.013872
0.013578
0.013173
0.013022
0.012869
0.012628
0.012338
0.012020
0.011692
0.011353
0.011001
0.010633
0.010252
0.009853
0.009434
0.009051
0.008991
0.008919
0.008829
0.008719
0.008585
0.008423
0.008228
0.008001
0.007742
0.007455
0.007140
0.006802
0.006450
0.006303
0.006146
