4301
0.0	0.0
0.01	0.0
0.02	0.0
0.03	0.0005981576815247536
0.04	0.0005981576815247536
0.05	0.0
0.06	0.0
0.07	0.0005981576815247536
0.08	0.0005981576815247536
0.09	0.0005981576815247536
0.1	0.0
0.11	0.0
0.12	0.0
0.13	0.0
0.14	0.0
0.15	0.0
0.16	0.0005981576815247536
0.17	0.0005981576815247536
0.18	0.0
0.19	0.0
0.2	0.0
0.21	0.0
0.22	0.0
0.23	0.0
0.24	0.0
0.25	0.0
0.26	0.0
0.27	0.0
0.28	0.0
0.29	0.0
0.3	0.0
0.31	0.0
0.32	0.0
0.33	0.0
0.34	-0.0005981576815247536
0.35	-0.0005981576815247536
0.36	0.0
0.37	0.0
0.38	0.0005981576815247536
0.39	0.0011963153630495072
0.4	0.0017944730818271637
0.41	0.0017944730818271637
0.42	0.0011963153630495072
0.43	0.0
0.44	0.0
0.45	0.0
0.46	0.0
0.47	0.0005981576815247536
0.48	0.0
0.49	0.0
0.5	0.0
0.51	0.0
0.52	0.0
0.53	0.0
0.54	0.0
0.55	0.0
0.56	0.0005981576815247536
0.57	0.0011963153630495072
0.58	0.0011963153630495072
0.59	0.0005981576815247536
0.6	0.0005981576815247536
0.61	0.0005981576815247536
0.62	0.0005981576815247536
0.63	0.0005981576815247536
0.64	0.0011963153630495072
0.65	0.0005981576815247536
0.66	0.0
0.67	0.0
0.68	0.0
0.69	0.0
0.7	0.0
0.71	0.0
0.72	0.0
0.73	0.0
0.74	0.0
0.75	0.0
0.76	0.0
0.77	0.0
0.78	0.0
0.79	0.0
0.8	0.0
0.81	0.0
0.82	0.0
0.83	0.0
0.84	0.0
0.85	0.0
0.86	0.0
0.87	0.0
0.88	0.0
0.89	0.0
0.9	0.0
0.91	0.0005981576815247536
0.92	0.0
0.93	0.0
0.94	0.0
0.95	0.0
0.96	0.0
0.97	0.0
0.98	0.0
0.99	0.0005981576815247536
1.0	0.0017944730818271637
1.01	0.0023926307260990144
1.02	0.0023926307260990144
1.03	0.0011963153630495072
1.04	0.0
1.05	0.0
1.06	0.0
1.07	0.0
1.08	0.0
1.09	0.0
1.1	0.0
1.11	0.0
1.12	0.0
1.13	0.0
1.14	0.0
1.15	0.0
1.16	0.0
1.17	0.0
1.18	0.0011963153630495072
1.19	0.0017944730818271637
1.2	0.0011963153630495072
1.21	0.0
1.22	0.0
1.23	0.0
1.24	0.0005981576815247536
1.25	0.0
1.26	0.0
1.27	0.0
1.28	0.0
1.29	0.0
1.3	0.0
1.31	0.0
1.32	0.0
1.33	0.0005981576815247536
1.34	0.0005981576815247536
1.35	0.0005981576815247536
1.36	0.0
1.37	0.0
1.38	0.0
1.39	0.0
1.4	0.0
1.41	0.0
1.42	0.0
1.43	0.0
1.44	0.0
1.45	0.0
1.46	0.0
1.47	0.0
1.48	0.0
1.49	0.0005981576815247536
1.5	0.0011963153630495072
1.51	0.0017944730818271637
1.52	0.0011963153630495072
1.53	0.0
1.54	0.0
1.55	0.0
1.56	0.0005981576815247536
1.57	0.0005981576815247536
1.58	0.0
1.59	0.0
1.6	0.0
1.61	0.0
1.62	0.0
1.63	0.0011963153630495072
1.64	0.0023926307260990144
1.65	0.0023926307260990144
1.66	0.0011963153630495072
1.67	0.0
1.68	0.0
1.69	0.0
1.7	0.0005981576815247536
1.71	0.0005981576815247536
1.72	0.0
1.73	-0.0005981576815247536
1.74	-0.0005981576815247536
1.75	0.0
1.76	0.0
1.77	0.0
1.78	0.0
1.79	0.0005981576815247536
1.8	0.0011963153630495072
1.81	0.0017944730818271637
1.82	0.0017944730818271637
1.83	0.0011963153630495072
1.84	0.0
1.85	0.0
1.86	0.0
1.87	0.0
1.88	0.0
1.89	0.0
1.9	0.0
1.91	0.0
1.92	0.0
1.93	0.0
1.94	0.0
1.95	0.0005981576815247536
1.96	0.0017944730818271637
1.97	0.0011963153630495072
1.98	0.0
1.99	0.0
2.0	0.0
2.01	0.0
2.02	0.0
2.03	0.0
2.04	0.0
2.05	0.0
2.06	0.0
2.07	0.0
2.08	0.0
2.09	0.0
2.1	0.0
2.11	0.0
2.12	0.0
2.13	0.0
2.14	0.0
2.15	0.0
2.16	0.0
2.17	0.0005981576815247536
2.18	0.0005981576815247536
2.19	0.0
2.2	0.0
2.21	0.0
2.22	0.0
2.23	0.0
2.24	0.0
2.25	0.0
2.26	0.0
2.27	0.0
2.28	0.0005981576815247536
2.29	0.0011963153630495072
2.3	0.0005981576815247536
2.31	0.0
2.32	0.0
2.33	0.0
2.34	0.0
2.35	0.0
2.36	0.0005981576815247536
2.37	0.0011963153630495072
2.38	0.0005981576815247536
2.39	0.0
2.4	0.0
2.41	0.0
2.42	0.0
2.43	0.0
2.44	0.0
2.45	0.0
2.46	0.0
2.47	0.0
2.48	0.0
2.49	0.0
2.5	0.0
2.51	0.0
2.52	0.0
2.53	0.0
2.54	0.0
2.55	0.0005981576815247536
2.56	0.0011963153630495072
2.57	0.0005981576815247536
2.58	0.0005981576815247536
2.59	0.0011963153630495072
2.6	0.0005981576815247536
2.61	0.0
2.62	0.0
2.63	0.0
2.64	0.0005981576815247536
2.65	0.0005981576815247536
2.66	0.0
2.67	0.0
2.68	0.0
2.69	0.0
2.7	0.0
2.71	0.0
2.72	0.0
2.73	0.0005981576815247536
2.74	0.0005981576815247536
2.75	0.0
2.76	0.0
2.77	0.0
2.78	0.0
2.79	0.0
2.8	0.0
2.81	0.0
2.82	-0.0005981576815247536
2.83	0.0
2.84	0.0
2.85	0.0
2.86	0.0
2.87	0.0
2.88	0.0
2.89	0.0
2.9	0.0
2.91	0.0
2.92	0.0011963153630495072
2.93	0.0017944730818271637
2.94	0.0
2.95	0.0
2.96	0.0
2.97	0.0
2.98	0.0005981576815247536
2.99	0.0
3.0	0.0
3.01	0.0
3.02	0.0005981576815247536
3.03	0.0017944730818271637
3.04	0.0017944730818271637
3.05	0.0017944730818271637
3.06	0.0005981576815247536
3.07	0.0
3.08	0.0
3.09	0.0
3.1	0.0
3.11	0.0
3.12	0.0
3.13	0.0
3.14	0.0
3.15	0.0
3.16	0.0
3.17	0.0
3.18	0.0
3.19	0.0
3.2	0.0
3.21	0.0
3.22	0.0005981576815247536
3.23	0.0005981576815247536
3.24	0.0
3.25	0.0
3.26	0.0
3.27	0.0
3.28	0.0005981576815247536
3.29	0.0005981576815247536
3.3	0.0
3.31	0.0
3.32	0.0
3.33	0.0
3.34	0.0
3.35	0.0
3.36	0.0
3.37	0.0
3.38	0.0
3.39	0.0
3.4	0.0
3.41	0.0
3.42	0.0
3.43	-0.0005981576815247536
3.44	0.0
3.45	0.0
3.46	0.0005981576815247536
3.47	0.0005981576815247536
3.48	0.0
3.49	0.0
3.5	0.0
3.51	0.0005981576815247536
3.52	0.0011963153630495072
3.53	0.0
3.54	0.0
3.55	-0.0011963153630495072
3.56	-0.0005981576815247536
3.57	0.0
3.58	0.0005981576815247536
3.59	0.0005981576815247536
3.6	0.0
3.61	0.0
3.62	0.0
3.63	0.0
3.64	0.0005981576815247536
3.65	0.0
3.66	0.0
3.67	0.0
3.68	0.0
3.69	0.0
3.7	0.0
3.71	0.0005981576815247536
3.72	0.0
3.73	0.0
3.74	-0.0005981576815247536
3.75	-0.0005981576815247536
3.76	-0.0005981576815247536
3.77	0.0
3.78	0.0
3.79	0.0
3.8	0.0
3.81	0.0
3.82	0.0
3.83	0.0
3.84	0.0005981576815247536
3.85	0.0
3.86	0.0
3.87	0.0
3.88	0.0
3.89	0.0
3.9	0.0
3.91	0.0
3.92	0.0
3.93	0.0
3.94	0.0
3.95	0.0
3.96	0.0
3.97	0.0
3.98	0.0
3.99	0.0
4.0	0.0
4.01	0.0
4.02	0.0
4.03	0.0
4.04	0.0
4.05	0.0
4.06	0.0
4.07	0.0
4.08	0.0
4.09	0.0
4.1	0.0005981576815247536
4.11	0.0011963153630495072
4.12	0.0005981576815247536
4.13	0.0
4.14	0.0
4.15	0.0
4.16	0.0017944730818271637
4.17	0.0023926307260990144
4.18	0.0017944730818271637
4.19	0.0005981576815247536
4.2	0.0
4.21	0.0
4.22	0.0
4.23	0.0005981576815247536
4.24	0.0005981576815247536
4.25	0.0011963153630495072
4.26	0.0005981576815247536
4.27	0.0
4.28	0.0
4.29	0.0
4.3	0.0011963153630495072
4.31	0.0011963153630495072
4.32	0.0
4.33	0.0
4.34	0.0
4.35	0.0011963153630495072
4.36	0.0011963153630495072
4.37	0.0
4.38	0.0
4.39	0.0
4.4	0.0
4.41	0.0
4.42	0.0005981576815247536
4.43	0.0005981576815247536
4.44	0.0005981576815247536
4.45	0.0
4.46	0.0
4.47	0.0
4.48	0.0
4.49	0.0005981576815247536
4.5	0.0011963153630495072
4.51	0.0005981576815247536
4.52	0.0005981576815247536
4.53	0.0
4.54	0.0
4.55	0.0
4.56	0.0
4.57	0.0
4.58	0.0
4.59	0.0
4.6	0.0
4.61	0.0
4.62	0.0
4.63	0.0
4.64	0.0
4.65	0.0
4.66	0.0
4.67	0.0
4.68	0.0005981576815247536
4.69	0.0
4.7	0.0
4.71	0.0
4.72	0.0
4.73	0.0
4.74	0.0
4.75	0.0
4.76	0.0
4.77	0.0
4.78	0.0
4.79	0.0
4.8	0.0005981576815247536
4.81	0.0
4.82	0.0
4.83	0.0
4.84	0.0
4.85	0.0005981576815247536
4.86	0.0
4.87	0.0
4.88	0.0
4.89	0.0
4.9	0.0
4.91	0.0
4.92	0.0
4.93	0.0
4.94	-0.0005981576815247536
4.95	-0.0005981576815247536
4.96	0.0
4.97	0.0
4.98	0.0
4.99	0.0
5.0	0.0
5.01	0.0
5.02	0.0
5.03	0.0
5.04	0.0
5.05	0.0005981576815247536
5.06	0.0011963153630495072
5.07	0.0005981576815247536
5.08	0.0
5.09	0.0
5.1	0.0
5.11	0.0
5.12	0.0
5.13	0.0
5.14	0.0
5.15	0.0
5.16	0.0
5.17	0.0
5.18	0.0
5.19	0.0
5.2	0.0
5.21	0.0
5.22	0.0
5.23	0.0
5.24	0.0005981576815247536
5.25	0.0011963153630495072
5.26	0.0011963153630495072
5.27	0.0
5.28	0.0
5.29	0.0
5.3	0.0
5.31	0.0
5.32	0.0
5.33	0.0
5.34	0.0
5.35	0.0
5.36	0.0
5.37	0.0
5.38	0.0
5.39	0.0
5.4	0.0
5.41	0.0
5.42	0.0
5.43	0.0
5.44	0.0
5.45	0.0
5.46	0.0
5.47	0.0
5.48	0.0
5.49	0.0
5.5	0.0
5.51	0.0
5.52	0.0
5.53	0.0
5.54	0.0
5.55	0.0
5.56	0.0
5.57	0.0
5.58	0.0
5.59	0.0
5.6	0.0
5.61	0.0
5.62	0.0
5.63	-0.0005981576815247536
5.64	-0.0011963153630495072
5.65	-0.0005981576815247536
5.66	0.0
5.67	0.0005981576815247536
5.68	0.0005981576815247536
5.69	0.0
5.7	0.0005981576815247536
5.71	0.0005981576815247536
5.72	0.0
5.73	0.0
5.74	0.0
5.75	-0.0005981576815247536
5.76	0.0
5.77	0.0
5.78	0.0017944730818271637
5.79	0.0017944730818271637
5.8	0.0011963153630495072
5.81	0.0
5.82	0.0
5.83	0.0
5.84	0.0005981576815247536
5.85	0.0005981576815247536
5.86	0.0
5.87	0.0
5.88	0.0
5.89	0.0
5.9	0.0
5.91	0.0
5.92	0.0
5.93	0.0
5.94	0.0005981576815247536
5.95	0.0017944730818271637
5.96	0.0017944730818271637
5.97	0.0005981576815247536
5.98	0.0
5.99	0.0
6.0	0.0005981576815247536
6.01	0.0005981576815247536
6.02	0.0
6.03	0.0
6.04	0.0005981576815247536
6.05	0.0011963153630495072
6.06	0.0011963153630495072
6.07	0.0
6.08	0.0
6.09	0.0
6.1	0.0
6.11	0.0
6.12	0.0005981576815247536
6.13	0.0011963153630495072
6.14	0.0011963153630495072
6.15	0.0005981576815247536
6.16	0.0
6.17	0.0
6.18	0.0
6.19	0.0
6.2	0.0
6.21	0.0
6.22	0.0011963153630495072
6.23	0.0017944730818271637
6.24	0.0011963153630495072
6.25	0.0
6.26	0.0
6.27	0.0
6.28	0.0
6.29	0.0005981576815247536
6.3	0.0011963153630495072
6.31	0.0011963153630495072
6.32	0.0
6.33	0.0
6.34	0.0
6.35	0.0011963153630495072
6.36	0.0023926307260990144
6.37	0.0023926307260990144
6.38	0.0011963153630495072
6.39	0.0
6.4	0.0
6.41	0.0
6.42	0.0
6.43	0.0
6.44	0.0
6.45	0.0
6.46	0.0
6.47	0.0
6.48	0.0
6.49	0.0
6.5	0.0
6.51	0.0
6.52	0.0
6.53	0.0
6.54	0.0
6.55	0.0
6.56	0.0
6.57	0.0
6.58	0.0
6.59	0.0
6.6	0.0
6.61	0.0
6.62	0.0
6.63	0.0
6.64	0.0
6.65	0.0
6.66	0.0
6.67	0.0
6.68	0.0
6.69	0.0
6.7	0.0
6.71	0.0
6.72	0.0005981576815247536
6.73	0.0005981576815247536
6.74	0.0
6.75	0.0
6.76	0.0
6.77	0.0
6.78	0.0
6.79	0.0
6.8	0.0
6.81	0.0
6.82	0.0
6.83	0.0
6.84	0.0
6.85	0.0005981576815247536
6.86	0.0005981576815247536
6.87	0.0
6.88	-0.0011963153630495072
6.89	-0.0017944730818271637
6.9	-0.0005981576815247536
6.91	0.0
6.92	0.0005981576815247536
6.93	0.0005981576815247536
6.94	0.0
6.95	0.0
6.96	0.0
6.97	0.0
6.98	0.0
6.99	0.0
7.0	0.0005981576815247536
7.01	0.0017944730818271637
7.02	0.0011963153630495072
7.03	0.0005981576815247536
7.04	0.0
7.05	0.0
7.06	0.0
7.07	0.0
7.08	0.0
7.09	0.0005981576815247536
7.1	0.0005981576815247536
7.11	0.0005981576815247536
7.12	0.0
7.13	0.0
7.14	0.0
7.15	0.0
7.16	0.0
7.17	-0.0005981576815247536
7.18	-0.0005981576815247536
7.19	0.0
7.2	0.0
7.21	0.0
7.22	0.0
7.23	0.0
7.24	0.0
7.25	0.0
7.26	0.0
7.27	0.0
7.28	0.0
7.29	0.0
7.3	0.0
7.31	0.0
7.32	0.0
7.33	0.0
7.34	0.0
7.35	0.0
7.36	0.0
7.37	0.0005981576815247536
7.38	0.0
7.39	0.0
7.4	0.0
7.41	0.0
7.42	0.0
7.43	0.0
7.44	0.0
7.45	0.0
7.46	0.0
7.47	0.0
7.48	0.0
7.49	0.0
7.5	0.0
7.51	0.0
7.52	0.0
7.53	0.0
7.54	0.0
7.55	0.0
7.56	0.0
7.57	0.0
7.58	0.0
7.59	0.0
7.6	0.0
7.61	0.0
7.62	0.0
7.63	0.0
7.64	0.0005981576815247536
7.65	0.0
7.66	0.0
7.67	0.0
7.68	0.0005981576815247536
7.69	0.0011963153630495072
7.7	0.0
7.71	-0.0011963153630495072
7.72	-0.0011963153630495072
7.73	0.0
7.74	0.0
7.75	0.0
7.76	0.0005981576815247536
7.77	0.0005981576815247536
7.78	0.0
7.79	0.0
7.8	0.0
7.81	0.0
7.82	0.0
7.83	0.0
7.84	0.0005981576815247536
7.85	0.0005981576815247536
7.86	0.0
7.87	0.0
7.88	0.0
7.89	0.0
7.9	0.0
7.91	0.0
7.92	0.0
7.93	0.0
7.94	0.0
7.95	0.0
7.96	0.0
7.97	0.0
7.98	0.0
7.99	0.0
8.0	0.0
8.01	0.0
8.02	0.0
8.03	0.0
8.04	0.0
8.05	0.0
8.06	0.0
8.07	0.0
8.08	0.0
8.09	0.0005981576815247536
8.1	0.0
8.11	0.0
8.12	0.0011963153630495072
8.13	0.0017944730818271637
8.14	0.0011963153630495072
8.15	0.0
8.16	0.0
8.17	0.0
8.18	0.0
8.19	0.0005981576815247536
8.2	0.0005981576815247536
8.21	0.0005981576815247536
8.22	0.0005981576815247536
8.23	0.0011963153630495072
8.24	0.0005981576815247536
8.25	0.0
8.26	0.0
8.27	0.0011963153630495072
8.28	0.0017944730818271637
8.29	0.0011963153630495072
8.3	0.0
8.31	0.0
8.32	0.0
8.33	0.0
8.34	0.0
8.35	0.0
8.36	0.0
8.37	0.0005981576815247536
8.38	0.0005981576815247536
8.39	0.0
8.4	0.0
8.41	0.0
8.42	0.0
8.43	0.0
8.44	0.0
8.45	0.0
8.46	0.0
8.47	0.0005981576815247536
8.48	0.0005981576815247536
8.49	0.0
8.5	0.0
8.51	-0.0011963153630495072
8.52	-0.0011963153630495072
8.53	0.0
8.54	0.0005981576815247536
8.55	0.0017944730818271637
8.56	0.0023926307260990144
8.57	0.0011963153630495072
8.58	0.0005981576815247536
8.59	0.0
8.6	0.0005981576815247536
8.61	0.0
8.62	0.0
8.63	0.0
8.64	0.0
8.65	0.0
8.66	0.0005981576815247536
8.67	0.0005981576815247536
8.68	0.0
8.69	0.0
8.7	0.0
8.71	0.0
8.72	0.0
8.73	0.0
8.74	0.0005981576815247536
8.75	0.0005981576815247536
8.76	0.0005981576815247536
8.77	0.0
8.78	0.0
8.79	0.0
8.8	-0.0005981576815247536
8.81	-0.0005981576815247536
8.82	0.0
8.83	0.0
8.84	0.0
8.85	0.0
8.86	0.0
8.87	0.0
8.88	0.0
8.89	0.0
8.9	0.0
8.91	0.0
8.92	0.0
8.93	0.0
8.94	0.0
8.95	0.0
8.96	0.0
8.97	0.0
8.98	0.0
8.99	0.0
9.0	0.0
9.01	0.0
9.02	0.0
9.03	0.0
9.04	0.0
9.05	0.0
9.06	0.0
9.07	0.0
9.08	0.0005981576815247536
9.09	0.0005981576815247536
9.1	0.0
9.11	0.0
9.12	0.0
9.13	0.0011963153630495072
9.14	0.0017944730818271637
9.15	0.0
9.16	0.0
9.17	0.0
9.18	0.0
9.19	0.0005981576815247536
9.2	0.0005981576815247536
9.21	0.0
9.22	0.0
9.23	0.0
9.24	0.0
9.25	0.0
9.26	0.0
9.27	0.0
9.28	0.0017944730818271637
9.29	0.0017944730818271637
9.3	0.0005981576815247536
9.31	0.0
9.32	0.0
9.33	0.0
9.34	0.0
9.35	0.0
9.36	0.0
9.37	0.0
9.38	0.0017944730818271637
9.39	0.0011963153630495072
9.4	0.0
9.41	0.0
9.42	-0.0005981576815247536
9.43	0.0
9.44	0.0
9.45	0.0005981576815247536
9.46	0.0005981576815247536
9.47	0.0005981576815247536
9.48	0.0
9.49	0.0
9.5	0.0
9.51	0.0
9.52	0.0005981576815247536
9.53	0.0005981576815247536
9.54	0.0
9.55	0.0
9.56	0.0011963153630495072
9.57	0.0011963153630495072
9.58	0.0005981576815247536
9.59	0.0
9.6	-0.0005981576815247536
9.61	0.0
9.62	0.0
9.63	0.0011963153630495072
9.64	0.0011963153630495072
9.65	0.0005981576815247536
9.66	0.0005981576815247536
9.67	0.0005981576815247536
9.68	0.0005981576815247536
9.69	0.0
9.7	0.0
9.71	0.0
9.72	0.0
9.73	0.0
9.74	0.0005981576815247536
9.75	0.0005981576815247536
9.76	0.0
9.77	0.0
9.78	0.0
9.79	0.0005981576815247536
9.8	0.0011963153630495072
9.81	0.0011963153630495072
9.82	0.0011963153630495072
9.83	0.0011963153630495072
9.84	0.0005981576815247536
9.85	0.0
9.86	0.0
9.87	0.0
9.88	0.0005981576815247536
9.89	0.0005981576815247536
9.9	0.0
9.91	0.0
9.92	0.0
9.93	0.0
9.94	0.0
9.95	0.0
9.96	0.0
9.97	0.0
9.98	0.0
9.99	0.0
10.0	0.0
10.01	0.0
10.02	0.0
10.03	0.0
10.04	0.0
10.05	0.0
10.06	0.0
10.07	0.0011963153630495072
10.08	0.0011963153630495072
10.09	0.0005981576815247536
10.1	0.0
10.11	0.0
10.12	0.0
10.13	0.0
10.14	0.0
10.15	0.0
10.16	0.0
10.17	0.0
10.18	0.0
10.19	0.0
10.2	0.0
10.21	0.0
10.22	0.0
10.23	0.0
10.24	0.0
10.25	0.0
10.26	0.0005981576815247536
10.27	0.0005981576815247536
10.28	0.0
10.29	0.0
10.3	0.0
10.31	0.0
10.32	0.0
10.33	0.0
10.34	0.0
10.35	0.0
10.36	0.0
10.37	0.0
10.38	0.0
10.39	0.0005981576815247536
10.4	0.0005981576815247536
10.41	0.0
10.42	0.0
10.43	0.0
10.44	0.0
10.45	0.0005981576815247536
10.46	0.0011963153630495072
10.47	0.0005981576815247536
10.48	0.0
10.49	0.0
10.5	0.0005981576815247536
10.51	0.0017944730818271637
10.52	0.0017944730818271637
10.53	0.0
10.54	-0.0017944730818271637
10.55	-0.0017944730818271637
10.56	0.0
10.57	0.0
10.58	0.0005981576815247536
10.59	0.0
10.6	0.0
10.61	0.0
10.62	0.0011963153630495072
10.63	0.0005981576815247536
10.64	0.0
10.65	-0.0005981576815247536
10.66	0.0
10.67	0.0
10.68	0.0
10.69	0.0
10.7	0.0
10.71	0.0
10.72	0.0
10.73	0.0
10.74	0.0
10.75	0.0005981576815247536
10.76	0.0
10.77	0.0
10.78	0.0
10.79	0.0
10.8	0.0
10.81	0.0
10.82	-0.0005981576815247536
10.83	0.0
10.84	0.0
10.85	0.0
10.86	0.0
10.87	0.0
10.88	0.0
10.89	0.0
10.9	0.0
10.91	0.0
10.92	0.0
10.93	0.0005981576815247536
10.94	0.0011963153630495072
10.95	0.0005981576815247536
10.96	0.0
10.97	0.0
10.98	0.0
10.99	0.0
11.0	0.0
11.01	0.0
11.02	0.0
11.03	0.0
11.04	0.0
11.05	0.0
11.06	0.0
11.07	0.0
11.08	0.0
11.09	0.0
11.1	0.0005981576815247536
11.11	0.0
11.12	0.0
11.13	0.0
11.14	0.0
11.15	0.0
11.16	0.0
11.17	0.0
11.18	0.0
11.19	0.0
11.2	-0.0005981576815247536
11.21	-0.0005981576815247536
11.22	0.0
11.23	0.0005981576815247536
11.24	0.0011963153630495072
11.25	0.0017944730818271637
11.26	0.0011963153630495072
11.27	0.0
11.28	0.0
11.29	0.0
11.3	0.0005981576815247536
11.31	0.0005981576815247536
11.32	0.0
11.33	0.0
11.34	0.0
11.35	0.0
11.36	0.0
11.37	0.0
11.38	0.0005981576815247536
11.39	0.0011963153630495072
11.4	0.0005981576815247536
11.41	0.0005981576815247536
11.42	0.0
11.43	0.0
11.44	0.0
11.45	0.0
11.46	0.0
11.47	0.0
11.48	0.0
11.49	0.0
11.5	0.0
11.51	0.0
11.52	0.0005981576815247536
11.53	0.0005981576815247536
11.54	0.0011963153630495072
11.55	0.0011963153630495072
11.56	0.0
11.57	0.0
11.58	-0.0005981576815247536
11.59	0.0
11.6	0.0
11.61	0.0011963153630495072
11.62	0.0005981576815247536
11.63	0.0
11.64	0.0
11.65	0.0
11.66	0.0
11.67	0.0
11.68	0.0005981576815247536
11.69	0.0011963153630495072
11.7	0.0017944730818271637
11.71	0.0017944730818271637
11.72	0.0017944730818271637
11.73	0.0011963153630495072
11.74	0.0005981576815247536
11.75	0.0005981576815247536
11.76	0.0005981576815247536
11.77	0.0017944730818271637
11.78	0.0017944730818271637
11.79	0.0011963153630495072
11.8	0.0
11.81	0.0
11.82	0.0
11.83	0.0
11.84	0.0
11.85	0.0011963153630495072
11.86	0.0017944730818271637
11.87	0.0005981576815247536
11.88	0.0
11.89	0.0
11.9	0.0
11.91	0.0
11.92	0.0
11.93	0.0
11.94	0.0
11.95	-0.0005981576815247536
11.96	0.0
11.97	0.0005981576815247536
11.98	0.0005981576815247536
11.99	0.0
12.0	0.0
12.01	0.0005981576815247536
12.02	0.0005981576815247536
12.03	0.0
12.04	0.0
12.05	0.0
12.06	0.0
12.07	0.0
12.08	0.0
12.09	0.0
12.1	0.0
12.11	0.0005981576815247536
12.12	0.0005981576815247536
12.13	0.0
12.14	0.0
12.15	0.0
12.16	0.0
12.17	0.0
12.18	0.0
12.19	0.0
12.2	0.0
12.21	0.0
12.22	0.0
12.23	0.0
12.24	0.0
12.25	0.0
12.26	0.0005981576815247536
12.27	0.0011963153630495072
12.28	0.0017944730818271637
12.29	0.0011963153630495072
12.3	0.0
12.31	0.0
12.32	0.0
12.33	0.0
12.34	0.0011963153630495072
12.35	0.0011963153630495072
12.36	0.0
12.37	0.0
12.38	0.0
12.39	0.0
12.4	0.0
12.41	0.0
12.42	0.0
12.43	0.0
12.44	0.0
12.45	0.0
12.46	0.0
12.47	0.0
12.48	0.0
12.49	0.0
12.5	0.0
12.51	0.0
12.52	0.0
12.53	0.0
12.54	0.0
12.55	0.0
12.56	0.0
12.57	0.0
12.58	0.0
12.59	0.0
12.6	0.0
12.61	0.0
12.62	0.0
12.63	0.0
12.64	0.0
12.65	0.0
12.66	0.0
12.67	0.0
12.68	0.0
12.69	0.0005981576815247536
12.7	0.0005981576815247536
12.71	0.0
12.72	0.0
12.73	0.0
12.74	0.0
12.75	0.0
12.76	0.0
12.77	0.0
12.78	0.0
12.79	0.0
12.8	0.0
12.81	0.0005981576815247536
12.82	0.0
12.83	0.0
12.84	0.0
12.85	0.0
12.86	0.0
12.87	0.0
12.88	0.0005981576815247536
12.89	0.0
12.9	0.0
12.91	0.0
12.92	0.0
12.93	0.0
12.94	0.0
12.95	0.0
12.96	0.0
12.97	-0.0011963153630495072
12.98	-0.0005981576815247536
12.99	0.0
13.0	0.0
13.01	0.0
13.02	0.0011963153630495072
13.03	0.0017944730818271637
13.04	0.0011963153630495072
13.05	0.0
13.06	0.0
13.07	0.0
13.08	0.0
13.09	0.0
13.1	0.0
13.11	0.0
13.12	0.0
13.13	0.0
13.14	0.0005981576815247536
13.15	0.0017944730818271637
13.16	0.0017944730818271637
13.17	0.0011963153630495072
13.18	0.0
13.19	-0.0005981576815247536
13.2	-0.0005981576815247536
13.21	0.0
13.22	0.0
13.23	0.0
13.24	0.0
13.25	0.0
13.26	-0.0005981576815247536
13.27	-0.0005981576815247536
13.28	0.0
13.29	0.0
13.3	0.0
13.31	0.0
13.32	0.0
13.33	0.0
13.34	0.0
13.35	0.0
13.36	0.0
13.37	0.0
13.38	0.0
13.39	0.0
13.4	0.0
13.41	-0.0005981576815247536
13.42	-0.0005981576815247536
13.43	0.0
13.44	0.0005981576815247536
13.45	0.0011963153630495072
13.46	0.0005981576815247536
13.47	0.0
13.48	0.0
13.49	0.0
13.5	0.0
13.51	0.0
13.52	0.0005981576815247536
13.53	0.0005981576815247536
13.54	0.0
13.55	0.0
13.56	0.0
13.57	0.0005981576815247536
13.58	0.0017944730818271637
13.59	0.0017944730818271637
13.6	0.0011963153630495072
13.61	0.0
13.62	-0.0011963153630495072
13.63	-0.0011963153630495072
13.64	0.0
13.65	0.0
13.66	0.0
13.67	0.0
13.68	0.0
13.69	0.0
13.7	0.0
13.71	0.0005981576815247536
13.72	0.0
13.73	0.0
13.74	-0.0005981576815247536
13.75	0.0
13.76	0.0
13.77	0.0
13.78	0.0
13.79	0.0
13.8	0.0
13.81	0.0
13.82	0.0
13.83	0.0
13.84	0.0
13.85	0.0005981576815247536
13.86	0.0
13.87	0.0
13.88	0.0
13.89	0.0
13.9	0.0
13.91	0.0
13.92	0.0
13.93	0.0
13.94	0.0
13.95	0.0
13.96	0.0
13.97	0.0
13.98	0.0
13.99	0.0
14.0	0.0
14.01	0.0
14.02	0.0
14.03	0.0
14.04	0.0
14.05	0.0
14.06	0.0
14.07	0.0
14.08	0.0
14.09	-0.0005981576815247536
14.1	0.0
14.11	0.0
14.12	0.0
14.13	0.0005981576815247536
14.14	0.0
14.15	0.0005981576815247536
14.16	0.0011963153630495072
14.17	0.0017944730818271637
14.18	0.0005981576815247536
14.19	0.0
14.2	0.0
14.21	0.0
14.22	0.0
14.23	0.0
14.24	0.0
14.25	-0.0005981576815247536
14.26	0.0
14.27	0.0
14.28	0.0
14.29	0.0
14.3	0.0
14.31	0.0
14.32	0.0
14.33	0.0
14.34	0.0
14.35	0.0
14.36	0.0
14.37	0.0
14.38	0.0
14.39	0.0
14.4	0.0
14.41	0.0005981576815247536
14.42	0.0017944730818271637
14.43	0.0017944730818271637
14.44	0.0
14.45	0.0
14.46	0.0
14.47	0.0
14.48	-0.0005981576815247536
14.49	-0.0005981576815247536
14.5	0.0
14.51	0.0
14.52	0.0
14.53	0.0
14.54	-0.0005981576815247536
14.55	0.0
14.56	0.0005981576815247536
14.57	0.0005981576815247536
14.58	0.0
14.59	0.0
14.6	0.0
14.61	0.0
14.62	0.0005981576815247536
14.63	0.0005981576815247536
14.64	0.0
14.65	0.0
14.66	0.0005981576815247536
14.67	0.0005981576815247536
14.68	0.0005981576815247536
14.69	0.0
14.7	0.0
14.71	0.0
14.72	0.0
14.73	0.0
14.74	0.0
14.75	0.0005981576815247536
14.76	0.0005981576815247536
14.77	0.0005981576815247536
14.78	0.0
14.79	0.0
14.8	0.0
14.81	0.0
14.82	0.0
14.83	0.0
14.84	0.0
14.85	0.0
14.86	0.0
14.87	0.0
14.88	0.0
14.89	0.0005981576815247536
14.9	0.0005981576815247536
14.91	0.0
14.92	0.0
14.93	0.0
14.94	0.0
14.95	0.0
14.96	0.0
14.97	0.0
14.98	0.0
14.99	0.0
15.0	0.0005981576815247536
15.01	0.0005981576815247536
15.02	0.0005981576815247536
15.03	0.0005981576815247536
15.04	0.0005981576815247536
15.05	0.0
15.06	0.0
15.07	0.0
15.08	0.0005981576815247536
15.09	0.0005981576815247536
15.1	0.0005981576815247536
15.11	0.0005981576815247536
15.12	0.0
15.13	0.0
15.14	0.0
15.15	0.0
15.16	0.0
15.17	0.0
15.18	0.0
15.19	0.0
15.2	0.0
15.21	0.0
15.22	0.0
15.23	0.0
15.24	0.0
15.25	0.0005981576815247536
15.26	0.0011963153630495072
15.27	0.0011963153630495072
15.28	0.0005981576815247536
15.29	0.0
15.3	0.0
15.31	0.0011963153630495072
15.32	0.0017944730818271637
15.33	0.0011963153630495072
15.34	0.0
15.35	0.0
15.36	0.0
15.37	0.0
15.38	0.0
15.39	0.0
15.4	0.0
15.41	0.0
15.42	0.0
15.43	0.0005981576815247536
15.44	0.0011963153630495072
15.45	0.0
15.46	0.0
15.47	0.0
15.48	0.0
15.49	0.0
15.5	0.0
15.51	0.0
15.52	0.0
15.53	0.0
15.54	0.0
15.55	0.0
15.56	0.0
15.57	0.0
15.58	0.0
15.59	0.0
15.6	0.0
15.61	0.0
15.62	0.0
15.63	0.0
15.64	0.0
15.65	0.0
15.66	0.0005981576815247536
15.67	0.0017944730818271637
15.68	0.0011963153630495072
15.69	0.0
15.7	0.0
15.71	0.0
15.72	0.0
15.73	0.0
15.74	0.0
15.75	0.0
15.76	0.0
15.77	0.0
15.78	0.0
15.79	0.0
15.8	0.0
15.81	0.0
15.82	0.0
15.83	0.0
15.84	0.0
15.85	0.0
15.86	-0.0005981576815247536
15.87	0.0
15.88	0.0
15.89	0.0011963153630495072
15.9	0.0011963153630495072
15.91	0.0
15.92	0.0
15.93	0.0
15.94	0.0
15.95	0.0
15.96	0.0
15.97	0.0
15.98	0.0
15.99	0.0
16.0	0.0
16.01	0.0
16.02	0.0
16.03	0.0011963153630495072
16.04	0.0023926307260990144
16.05	0.0011963153630495072
16.06	0.0
16.07	0.0
16.08	0.0
16.09	0.0
16.1	0.0
16.11	0.0
16.12	0.0
16.13	0.0
16.14	0.0
16.15	0.0
16.16	0.0
16.17	0.0
16.18	0.0
16.19	-0.0005981576815247536
16.2	-0.0005981576815247536
16.21	-0.0005981576815247536
16.22	0.0
16.23	0.0
16.24	0.0
16.25	0.0
16.26	0.0005981576815247536
16.27	0.0011963153630495072
16.28	0.0011963153630495072
16.29	0.0011963153630495072
16.3	0.0005981576815247536
16.31	0.0
16.32	0.0
16.33	0.0
16.34	0.0005981576815247536
16.35	0.0011963153630495072
16.36	0.0011963153630495072
16.37	0.0005981576815247536
16.38	0.0
16.39	0.0
16.4	0.0
16.41	0.0005981576815247536
16.42	0.0005981576815247536
16.43	0.0
16.44	0.0
16.45	0.0
16.46	0.0
16.47	0.0
16.48	0.0
16.49	0.0
16.5	0.0
16.51	0.0
16.52	0.0
16.53	0.0
16.54	0.0
16.55	0.0
16.56	0.0
16.57	0.0
16.58	0.0011963153630495072
16.59	0.0017944730818271637
16.6	0.0011963153630495072
16.61	0.0
16.62	0.0
16.63	0.0
16.64	0.0005981576815247536
16.65	0.0011963153630495072
16.66	0.0005981576815247536
16.67	0.0
16.68	0.0
16.69	0.0
16.7	0.0011963153630495072
16.71	0.0017944730818271637
16.72	0.0011963153630495072
16.73	0.0
16.74	0.0
16.75	0.0
16.76	0.0
16.77	0.0
16.78	0.0005981576815247536
16.79	0.0005981576815247536
16.8	0.0
16.81	0.0
16.82	0.0
16.83	0.0005981576815247536
16.84	0.0011963153630495072
16.85	0.0
16.86	0.0
16.87	0.0
16.88	0.0
16.89	0.0
16.9	0.0005981576815247536
16.91	0.0
16.92	0.0
16.93	0.0
16.94	0.0
16.95	0.0
16.96	0.0
16.97	0.0005981576815247536
16.98	0.0005981576815247536
16.99	0.0005981576815247536
17.0	0.0
17.01	0.0
17.02	0.0
17.03	0.0
17.04	0.0
17.05	0.0
17.06	0.0
17.07	0.0
17.08	0.0
17.09	0.0
17.1	0.0
17.11	0.0
17.12	0.0
17.13	0.0
17.14	0.0
17.15	0.0005981576815247536
17.16	0.0011963153630495072
17.17	0.0005981576815247536
17.18	0.0
17.19	0.0
17.2	-0.0005981576815247536
17.21	0.0
17.22	0.0
17.23	0.0
17.24	0.0005981576815247536
17.25	0.0011963153630495072
17.26	0.0005981576815247536
17.27	0.0
17.28	0.0
17.29	0.0
17.3	0.0005981576815247536
17.31	0.0005981576815247536
17.32	0.0
17.33	0.0
17.34	0.0
17.35	0.0
17.36	0.0
17.37	0.0
17.38	0.0
17.39	0.0
17.4	0.0
17.41	0.0
17.42	0.0
17.43	0.0
17.44	-0.0011963153630495072
17.45	-0.0005981576815247536
17.46	0.0
17.47	0.0005981576815247536
17.48	0.0005981576815247536
17.49	0.0
17.5	-0.0005981576815247536
17.51	0.0
17.52	0.0
17.53	0.0
17.54	0.0
17.55	0.0
17.56	0.0
17.57	0.0
17.58	0.0
17.59	0.0
17.6	0.0
17.61	0.0005981576815247536
17.62	0.0
17.63	0.0
17.64	0.0
17.65	0.0
17.66	0.0
17.67	0.0011963153630495072
17.68	0.0011963153630495072
17.69	0.0005981576815247536
17.7	0.0
17.71	0.0
17.72	0.0
17.73	0.0
17.74	0.0
17.75	0.0
17.76	0.0
17.77	0.0
17.78	0.0005981576815247536
17.79	0.0
17.8	0.0
17.81	-0.0011963153630495072
17.82	-0.0011963153630495072
17.83	0.0
17.84	0.0011963153630495072
17.85	0.0017944730818271637
17.86	0.0005981576815247536
17.87	0.0
17.88	0.0
17.89	0.0
17.9	0.0
17.91	0.0
17.92	0.0
17.93	0.0
17.94	0.0
17.95	0.0
17.96	0.0005981576815247536
17.97	0.0011963153630495072
17.98	0.0005981576815247536
17.99	0.0
18.0	0.0
18.01	0.0
18.02	0.0011963153630495072
18.03	0.0017944730818271637
18.04	0.0011963153630495072
18.05	0.0005981576815247536
18.06	0.0005981576815247536
18.07	0.0017944730818271637
18.08	0.0017944730818271637
18.09	0.0011963153630495072
18.1	0.0
18.11	0.0
18.12	0.0
18.13	0.0
18.14	0.0
18.15	0.0011963153630495072
18.16	0.0017944730818271637
18.17	0.0011963153630495072
18.18	0.0005981576815247536
18.19	0.0
18.2	0.0
18.21	0.0
18.22	0.0
18.23	0.0
18.24	0.0
18.25	0.0
18.26	0.0
18.27	0.0
18.28	0.0
18.29	0.0
18.3	0.0005981576815247536
18.31	0.0005981576815247536
18.32	0.0005981576815247536
18.33	0.0011963153630495072
18.34	0.0011963153630495072
18.35	0.0011963153630495072
18.36	0.0005981576815247536
18.37	0.0005981576815247536
18.38	0.0
18.39	0.0
18.4	0.0
18.41	0.0005981576815247536
18.42	0.0011963153630495072
18.43	0.0005981576815247536
18.44	0.0
18.45	0.0
18.46	0.0
18.47	0.0
18.48	0.0
18.49	0.0005981576815247536
18.5	0.0005981576815247536
18.51	0.0
18.52	0.0
18.53	0.0
18.54	0.0
18.55	0.0
18.56	0.0
18.57	0.0
18.58	0.0
18.59	0.0005981576815247536
18.6	0.0011963153630495072
18.61	0.0005981576815247536
18.62	0.0
18.63	0.0
18.64	0.0
18.65	0.0
18.66	0.0
18.67	0.0
18.68	0.0
18.69	0.0
18.7	0.0005981576815247536
18.71	0.0017944730818271637
18.72	0.0017944730818271637
18.73	0.0005981576815247536
18.74	0.0
18.75	0.0
18.76	0.0
18.77	0.0
18.78	0.0005981576815247536
18.79	0.0005981576815247536
18.8	0.0005981576815247536
18.81	0.0
18.82	0.0
18.83	0.0
18.84	0.0
18.85	0.0
18.86	0.0
18.87	-0.0005981576815247536
18.88	0.0
18.89	0.0
18.9	0.0011963153630495072
18.91	0.0011963153630495072
18.92	0.0
18.93	0.0
18.94	0.0
18.95	0.0
18.96	0.0
18.97	0.0
18.98	0.0
18.99	0.0
19.0	0.0
19.01	0.0
19.02	0.0
19.03	0.0
19.04	0.0005981576815247536
19.05	0.002990788519382477
19.06	0.002990788519382477
19.07	0.0011963153630495072
19.08	0.0
19.09	0.0
19.1	0.0
19.11	0.0
19.12	0.0
19.13	0.0
19.14	0.0
19.15	0.0
19.16	0.0
19.17	0.0
19.18	0.0
19.19	0.0
19.2	0.0
19.21	0.0
19.22	0.0
19.23	0.0
19.24	0.0011963153630495072
19.25	0.0011963153630495072
19.26	0.0
19.27	0.0
19.28	0.0
19.29	0.0
19.3	0.0005981576815247536
19.31	0.0
19.32	0.0
19.33	0.0
19.34	0.0
19.35	0.0
19.36	0.0
19.37	0.0
19.38	-0.0005981576815247536
19.39	0.0
19.4	0.0
19.41	0.0005981576815247536
19.42	0.0
19.43	0.0
19.44	0.0
19.45	0.0005981576815247536
19.46	0.0011963153630495072
19.47	0.0005981576815247536
19.48	0.0
19.49	0.0
19.5	0.0
19.51	0.0
19.52	0.0005981576815247536
19.53	0.0
19.54	0.0
19.55	0.0
19.56	0.0
19.57	0.0
19.58	0.0
19.59	0.0
19.6	0.0
19.61	0.0
19.62	0.0
19.63	0.0
19.64	-0.0005981576815247536
19.65	0.0
19.66	0.0
19.67	0.0005981576815247536
19.68	0.0005981576815247536
19.69	0.0005981576815247536
19.7	0.0005981576815247536
19.71	0.0
19.72	0.0
19.73	0.0
19.74	0.0
19.75	0.0
19.76	0.0
19.77	0.0005981576815247536
19.78	0.0005981576815247536
19.79	0.0
19.8	0.0
19.81	0.0
19.82	0.0
19.83	0.0
19.84	0.0
19.85	0.0
19.86	0.0005981576815247536
19.87	0.0005981576815247536
19.88	0.0005981576815247536
19.89	0.0
19.9	0.0
19.91	0.0
19.92	0.0011963153630495072
19.93	0.0011963153630495072
19.94	0.0005981576815247536
19.95	0.0
19.96	0.0
19.97	0.0
19.98	0.0
19.99	0.0
20.0	0.0005981576815247536
20.01	0.0011963153630495072
20.02	0.0005981576815247536
20.03	0.0
20.04	0.0
20.05	0.0
20.06	0.0005981576815247536
20.07	0.0011963153630495072
20.08	0.0
20.09	0.0
20.1	-0.0005981576815247536
20.11	0.0
20.12	0.0
20.13	0.0005981576815247536
20.14	0.0005981576815247536
20.15	0.0005981576815247536
20.16	0.0
20.17	0.0
20.18	0.0
20.19	0.0
20.2	0.0
20.21	0.0
20.22	0.0
20.23	0.0
20.24	0.0005981576815247536
20.25	0.0005981576815247536
20.26	0.0
20.27	0.0
20.28	0.0005981576815247536
20.29	0.0017944730818271637
20.3	0.0023926307260990144
20.31	0.0023926307260990144
20.32	0.0017944730818271637
20.33	0.0011963153630495072
20.34	0.0011963153630495072
20.35	0.0005981576815247536
20.36	0.0
20.37	0.0
20.38	0.0
20.39	0.0
20.4	0.0
20.41	0.0
20.42	0.0
20.43	0.0
20.44	0.0
20.45	0.0
20.46	0.0
20.47	0.0
20.48	0.0005981576815247536
20.49	0.0005981576815247536
20.5	0.0
20.51	0.0
20.52	0.0
20.53	0.0
20.54	0.0
20.55	0.0
20.56	0.0
20.57	0.0
20.58	0.0
20.59	0.0
20.6	0.0005981576815247536
20.61	0.0011963153630495072
20.62	0.0005981576815247536
20.63	0.0
20.64	0.0
20.65	0.0
20.66	0.0005981576815247536
20.67	0.0005981576815247536
20.68	0.0005981576815247536
20.69	0.0005981576815247536
20.7	0.0005981576815247536
20.71	0.0
20.72	0.0
20.73	0.0
20.74	0.0
20.75	0.0
20.76	0.0
20.77	0.0
20.78	0.0
20.79	0.0
20.8	0.0
20.81	0.0
20.82	0.0
20.83	0.0
20.84	0.0
20.85	0.0
20.86	0.0
20.87	0.0
20.88	0.0
20.89	0.0
20.9	0.0005981576815247536
20.91	0.0011963153630495072
20.92	0.0011963153630495072
20.93	0.0005981576815247536
20.94	0.0005981576815247536
20.95	0.0005981576815247536
20.96	0.0
20.97	0.0
20.98	-0.0005981576815247536
20.99	-0.0005981576815247536
21.0	0.0
21.01	0.0
21.02	0.0
21.03	0.0005981576815247536
21.04	0.0005981576815247536
21.05	0.0
21.06	0.0
21.07	0.0
21.08	0.0
21.09	0.0005981576815247536
21.1	0.0011963153630495072
21.11	0.0005981576815247536
21.12	0.0
21.13	0.0
21.14	0.0
21.15	0.0
21.16	0.0
21.17	0.0005981576815247536
21.18	0.0011963153630495072
21.19	0.0011963153630495072
21.2	0.0011963153630495072
21.21	0.0011963153630495072
21.22	0.0
21.23	0.0
21.24	0.0
21.25	0.0
21.26	0.0
21.27	0.0
21.28	0.0
21.29	0.0
21.3	0.0005981576815247536
21.31	0.0011963153630495072
21.32	0.0005981576815247536
21.33	0.0
21.34	0.0
21.35	0.0
21.36	0.0
21.37	0.0005981576815247536
21.38	0.0011963153630495072
21.39	0.0017944730818271637
21.4	0.0017944730818271637
21.41	0.0
21.42	-0.0005981576815247536
21.43	-0.0017944730818271637
21.44	-0.0005981576815247536
21.45	0.0
21.46	0.0
21.47	0.0
21.48	0.0
21.49	0.0
21.5	0.0005981576815247536
21.51	0.0005981576815247536
21.52	0.0005981576815247536
21.53	0.0
21.54	0.0
21.55	0.0
21.56	0.0
21.57	0.0005981576815247536
21.58	0.0011963153630495072
21.59	0.0005981576815247536
21.6	0.0
21.61	0.0005981576815247536
21.62	0.0005981576815247536
21.63	0.0005981576815247536
21.64	0.0
21.65	0.0
21.66	0.0
21.67	0.0
21.68	0.0
21.69	0.0
21.7	0.0
21.71	0.0011963153630495072
21.72	0.0011963153630495072
21.73	0.0017944730818271637
21.74	0.0005981576815247536
21.75	0.0
21.76	0.0
21.77	0.0
21.78	0.0005981576815247536
21.79	0.0
21.8	0.0
21.81	0.0
21.82	0.0
21.83	0.0
21.84	0.0
21.85	0.0
21.86	0.0
21.87	0.0005981576815247536
21.88	0.0005981576815247536
21.89	0.0005981576815247536
21.9	0.0
21.91	0.0
21.92	0.0
21.93	0.0
21.94	0.0
21.95	0.0005981576815247536
21.96	0.0005981576815247536
21.97	0.0
21.98	0.0
21.99	0.0
22.0	0.0
22.01	0.0
22.02	0.0
22.03	0.0
22.04	0.0
22.05	0.0
22.06	0.0
22.07	0.0011963153630495072
22.08	0.0005981576815247536
22.09	0.0
22.1	0.0
22.11	0.0
22.12	0.0
22.13	0.0005981576815247536
22.14	0.0005981576815247536
22.15	0.0
22.16	0.0
22.17	0.0
22.18	0.0
22.19	0.0
22.2	0.0005981576815247536
22.21	0.0005981576815247536
22.22	0.0
22.23	0.0
22.24	0.0
22.25	0.0005981576815247536
22.26	0.0011963153630495072
22.27	0.0005981576815247536
22.28	0.0
22.29	0.0
22.3	0.0
22.31	0.0
22.32	0.0011963153630495072
22.33	0.0017944730818271637
22.34	0.0011963153630495072
22.35	0.0005981576815247536
22.36	0.0
22.37	0.0
22.38	0.0005981576815247536
22.39	0.0005981576815247536
22.4	0.0
22.41	0.0
22.42	0.0
22.43	0.0
22.44	0.0005981576815247536
22.45	0.0011963153630495072
22.46	0.0005981576815247536
22.47	0.0
22.48	0.0
22.49	0.0
22.5	0.0
22.51	0.0011963153630495072
22.52	0.0011963153630495072
22.53	0.0
22.54	0.0
22.55	0.0
22.56	0.0
22.57	0.0
22.58	0.0005981576815247536
22.59	0.0
22.6	0.0
22.61	0.0
22.62	0.0
22.63	0.0
22.64	0.0
22.65	0.0
22.66	0.0
22.67	0.0
22.68	-0.0005981576815247536
22.69	0.0
22.7	0.0
22.71	0.0
22.72	-0.0005981576815247536
22.73	-0.0005981576815247536
22.74	0.0
22.75	0.0
22.76	0.0005981576815247536
22.77	0.0011963153630495072
22.78	0.0011963153630495072
22.79	0.0005981576815247536
22.8	0.0
22.81	0.0
22.82	0.0005981576815247536
22.83	0.0005981576815247536
22.84	0.0005981576815247536
22.85	0.0
22.86	0.0
22.87	0.0011963153630495072
22.88	0.0011963153630495072
22.89	0.0
22.9	0.0
22.91	0.0
22.92	0.0
22.93	0.0005981576815247536
22.94	0.0005981576815247536
22.95	0.0
22.96	0.0005981576815247536
22.97	0.0
22.98	0.0
22.99	0.0
23.0	0.0
23.01	0.0
23.02	-0.0005981576815247536
23.03	0.0
23.04	0.0
23.05	0.0
23.06	0.0
23.07	0.0
23.08	0.0
23.09	-0.0005981576815247536
23.1	-0.0005981576815247536
23.11	0.0
23.12	0.0
23.13	0.0
23.14	0.0
23.15	0.0
23.16	0.0
23.17	0.0
23.18	0.0
23.19	0.0
23.2	0.0
23.21	0.0005981576815247536
23.22	0.0
23.23	0.0
23.24	0.0
23.25	0.0
23.26	0.0
23.27	0.0
23.28	0.0
23.29	0.0
23.3	0.0
23.31	-0.0005981576815247536
23.32	0.0
23.33	0.0
23.34	0.0
23.35	0.0
23.36	0.0005981576815247536
23.37	0.0011963153630495072
23.38	0.0005981576815247536
23.39	0.0
23.4	0.0
23.41	0.0
23.42	0.0005981576815247536
23.43	0.0
23.44	0.0
23.45	0.0
23.46	0.0
23.47	0.0005981576815247536
23.48	0.0
23.49	0.0
23.5	0.0
23.51	0.0023926307260990144
23.52	0.002990788519382477
23.53	-0.0005981576815247536
23.54	-0.005383418798446655
23.55	-0.0035889461636543275
23.56	0.0011963153630495072
23.57	0.004187103807926178
23.58	0.0011963153630495072
23.59	-0.0005981576815247536
23.6	-0.0005981576815247536
23.61	0.0
23.62	0.0
23.63	-0.0011963153630495072
23.64	-0.002990788519382477
23.65	-0.0011963153630495072
23.66	0.0
23.67	0.0005981576815247536
23.68	0.0
23.69	0.0011963153630495072
23.7	0.002990788519382477
23.71	0.0005981576815247536
23.72	-0.0005981576815247536
23.73	0.0
23.74	0.0017944730818271637
23.75	0.0023926307260990144
23.76	0.0
23.77	-0.002990788519382477
23.78	-0.004187103807926178
23.79	-0.0017944730818271637
23.8	0.0
23.81	0.0
23.82	0.0011963153630495072
23.83	0.0023926307260990144
23.84	0.0011963153630495072
23.85	0.0
23.86	-0.0005981576815247536
23.87	0.0017944730818271637
23.88	0.004785261452198029
23.89	0.002990788519382477
23.9	0.0
23.91	0.0
23.92	0.0
23.93	0.002990788519382477
23.94	0.004187103807926178
23.95	0.0023926307260990144
23.96	0.0
23.97	-0.0005981576815247536
23.98	0.0005981576815247536
23.99	0.0023926307260990144
24.0	0.0011963153630495072
24.01	0.0
24.02	0.0017944730818271637
24.03	0.004187103807926178
24.04	0.004187103807926178
24.05	0.0023926307260990144
24.06	0.0017944730818271637
24.07	0.0017944730818271637
24.08	-0.0005981576815247536
24.09	-0.005981577038764954
24.1	-0.004785261452198029
24.11	0.0017944730818271637
24.12	0.005383418798446655
24.13	0.0
24.14	-0.0035889461636543275
24.15	0.0
24.16	0.0077760499715805054
24.17	0.011364995241165162
24.18	0.004187103807926178
24.19	-0.005383418798446655
24.2	-0.01016867995262146
24.21	-0.0035889461636543275
24.22	0.004785261452198029
24.23	0.0077760499715805054
24.24	0.0023926307260990144
24.25	-0.0023926307260990144
24.26	-0.004187103807926178
24.27	-0.002990788519382477
24.28	-0.0017944730818271637
24.29	0.0
24.3	0.0017944730818271637
24.31	0.0
24.32	-0.002990788519382477
24.33	-0.004785261452198029
24.34	-0.0023926307260990144
24.35	0.0
24.36	0.0011963153630495072
24.37	-0.0005981576815247536
24.38	-0.0035889461636543275
24.39	0.0
24.4	0.0077760499715805054
24.41	0.01076683759689331
24.42	0.0065797346830368045
24.43	0.0017944730818271637
24.44	0.0011963153630495072
24.45	0.004187103807926178
24.46	0.007177892327308655
24.47	0.002990788519382477
24.48	-0.007177892327308655
24.49	-0.01615025758743286
24.5	-0.013757627010345459
24.51	-0.002990788519382477
24.52	0.0017944730818271637
24.53	0.0017944730818271637
24.54	0.002990788519382477
24.55	0.011364995241165162
24.56	0.019141045808792116
24.57	0.018542888164520262
24.58	0.008972365260124206
24.59	-0.0005981576815247536
24.6	-0.004785261452198029
24.61	-0.0011963153630495072
24.62	0.0
24.63	-0.0077760499715805054
24.64	-0.013159469366073609
24.65	-0.004785261452198029
24.66	0.008972365260124206
24.67	0.012561311721801758
24.68	0.0011963153630495072
24.69	-0.0065797346830368045
24.7	-0.004785261452198029
24.71	0.0
24.72	0.0011963153630495072
24.73	-0.0017944730818271637
24.74	-0.005981577038764954
24.75	-0.005383418798446655
24.76	0.0
24.77	0.005981577038764954
24.78	0.008374207615852357
24.79	0.004187103807926178
24.8	-0.0005981576815247536
24.81	-0.0023926307260990144
24.82	0.0
24.83	0.007177892327308655
24.84	0.013159469366073609
24.85	0.008972365260124206
24.86	-0.0005981576815247536
24.87	-0.008972365260124206
24.88	-0.008972365260124206
24.89	-0.007177892327308655
24.9	-0.0035889461636543275
24.91	0.002990788519382477
24.92	0.016748415231704714
24.93	0.02332814931869507
24.94	0.013757627010345459
24.95	-0.004785261452198029
24.96	-0.016748415231704714
24.97	-0.011364995241165162
24.98	0.0
24.99	0.007177892327308655
25.0	0.007177892327308655
25.01	0.002990788519382477
25.02	-0.004785261452198029
25.03	-0.011364995241165162
25.04	-0.005981577038764954
25.05	0.005383418798446655
25.06	0.01076683759689331
25.07	0.0023926307260990144
25.08	-0.005383418798446655
25.09	-0.004785261452198029
25.1	0.0011963153630495072
25.11	0.004187103807926178
25.12	0.0
25.13	-0.005981577038764954
25.14	-0.0035889461636543275
25.15	0.007177892327308655
25.16	0.017346572875976563
25.17	0.012561311721801758
25.18	-0.0035889461636543275
25.19	-0.013159469366073609
25.2	-0.0035889461636543275
25.21	0.0077760499715805054
25.22	0.0065797346830368045
25.23	-0.0005981576815247536
25.24	0.0
25.25	0.009570522904396058
25.26	0.016748415231704714
25.27	0.011963154077529908
25.28	-0.0011963153630495072
25.29	-0.017944730520248413
25.3	-0.026318938732147218
25.31	-0.017944730520248413
25.32	0.0
25.33	0.007177892327308655
25.34	-0.0035889461636543275
25.35	-0.018542888164520262
25.36	-0.011364995241165162
25.37	0.012561311721801758
25.38	0.03289867162704468
25.39	0.03170235633850098
25.4	0.01495394229888916
25.41	0.0
25.42	-0.005981577038764954
25.43	-0.0011963153630495072
25.44	0.0023926307260990144
25.45	0.0005981576815247536
25.46	-0.0023926307260990144
25.47	-0.004785261452198029
25.48	-0.008972365260124206
25.49	-0.016748415231704714
25.5	-0.013757627010345459
25.51	0.0077760499715805054
25.52	0.03648761749267578
25.53	0.04545998096466065
25.54	0.025122623443603515
25.55	-0.005383418798446655
25.56	-0.027515254020690917
25.57	-0.03230051517486572
25.58	-0.02033735990524292
25.59	-0.0017944730818271637
25.6	0.012561311721801758
25.61	0.018542888164520262
25.62	0.011963154077529908
25.63	0.0005981576815247536
25.64	-0.009570522904396058
25.65	-0.02033735990524292
25.66	-0.02153367519378662
25.67	-0.0065797346830368045
25.68	0.004785261452198029
25.69	-0.0011963153630495072
25.7	-0.02033735990524292
25.71	-0.02033735990524292
25.72	0.0005981576815247536
25.73	0.018542888164520262
25.74	0.017944730520248413
25.75	0.015552099943161011
25.76	0.02452446460723877
25.77	0.03230051517486572
25.78	0.020935518741607664
25.79	-0.0005981576815247536
25.8	-0.015552099943161011
25.81	-0.01495394229888916
25.82	-0.008374207615852357
25.83	-0.0005981576815247536
25.84	0.01076683759689331
25.85	0.022729990482330324
25.86	0.016748415231704714
25.87	-0.007177892327308655
25.88	-0.027515254020690917
25.89	-0.018542888164520262
25.9	0.005383418798446655
25.91	0.02033735990524292
25.92	0.01495394229888916
25.93	0.007177892327308655
25.94	0.01435578465461731
25.95	0.026318938732147218
25.96	0.020935518741607664
25.97	-0.007177892327308655
25.98	-0.03828209161758423
25.99	-0.03947840690612793
26.0	-0.0065797346830368045
26.01	0.02572077989578247
26.02	0.02332814931869507
26.03	-0.009570522904396058
26.04	-0.03529130220413208
26.05	-0.020935518741607664
26.06	0.016748415231704714
26.07	0.03888024806976318
26.08	0.022729990482330324
26.09	-0.011963154077529908
26.1	-0.03947840690612793
26.11	-0.04007656574249267
26.12	-0.01495394229888916
26.13	0.019739203453063965
26.14	0.03888024806976318
26.15	0.02572077989578247
26.16	-0.0017944730818271637
26.17	-0.01615025758743286
26.18	-0.009570522904396058
26.19	0.0011963153630495072
26.2	0.004187103807926178
26.21	0.0
26.22	-0.0017944730818271637
26.23	0.0
26.24	0.0065797346830368045
26.25	0.008374207615852357
26.26	0.0023926307260990144
26.27	-0.005383418798446655
26.28	-0.009570522904396058
26.29	-0.0077760499715805054
26.3	-0.0035889461636543275
26.31	0.0011963153630495072
26.32	0.009570522904396058
26.33	0.016748415231704714
26.34	0.02033735990524292
26.35	0.01495394229888916
26.36	0.0005981576815247536
26.37	-0.013159469366073609
26.38	-0.018542888164520262
26.39	-0.01076683759689331
26.4	0.004187103807926178
26.41	0.018542888164520262
26.42	0.019739203453063965
26.43	0.005981577038764954
26.44	-0.012561311721801758
26.45	-0.022729990482330324
26.46	-0.013159469366073609
26.47	0.0005981576815247536
26.48	0.002990788519382477
26.49	-0.0005981576815247536
26.5	0.0017944730818271637
26.51	0.013159469366073609
26.52	0.01435578465461731
26.53	0.004187103807926178
26.54	-0.0005981576815247536
26.55	-0.0017944730818271637
26.56	-0.004187103807926178
26.57	-0.008374207615852357
26.58	-0.0065797346830368045
26.59	0.0035889461636543275
26.6	0.016748415231704714
26.61	0.018542888164520262
26.62	0.0077760499715805054
26.63	0.0011963153630495072
26.64	0.007177892327308655
26.65	0.01076683759689331
26.66	-0.004187103807926178
26.67	-0.028113410472869874
26.68	-0.02691709518432617
26.69	0.0
26.7	0.017944730520248413
26.71	0.0035889461636543275
26.72	-0.02153367519378662
26.73	-0.023926308155059816
26.74	0.002990788519382477
26.75	0.02990788459777832
26.76	0.02572077989578247
26.77	0.0
26.78	-0.01495394229888916
26.79	-0.0017944730818271637
26.8	0.019141045808792116
26.81	0.019141045808792116
26.82	-0.005383418798446655
26.83	-0.02990788459777832
26.84	-0.02990788459777832
26.85	-0.013757627010345459
26.86	-0.0005981576815247536
26.87	0.005981577038764954
26.88	0.015552099943161011
26.89	0.023926308155059816
26.9	0.02332814931869507
26.91	0.012561311721801758
26.92	0.0
26.93	-0.004785261452198029
26.94	-0.01016867995262146
26.95	-0.020935518741607664
26.96	-0.029309725761413573
26.97	-0.017346572875976563
26.98	0.013757627010345459
26.99	0.041272878646850586
27.0	0.04067471981048584
27.01	0.02332814931869507
27.02	0.012561311721801758
27.03	0.012561311721801758
27.04	0.0065797346830368045
27.05	-0.011963154077529908
27.06	-0.029309725761413573
27.07	-0.025122623443603515
27.08	-0.0023926307260990144
27.09	0.01495394229888916
27.1	0.013159469366073609
27.11	-0.004187103807926178
27.12	-0.01435578465461731
27.13	-0.0023926307260990144
27.14	0.012561311721801758
27.15	0.007177892327308655
27.16	-0.01076683759689331
27.17	-0.013757627010345459
27.18	0.008972365260124206
27.19	0.03409498691558838
27.2	0.03289867162704468
27.21	0.013757627010345459
27.22	0.0
27.23	-0.004785261452198029
27.24	-0.007177892327308655
27.25	-0.0077760499715805054
27.26	-0.0035889461636543275
27.27	0.0
27.28	-0.004187103807926178
27.29	-0.015552099943161011
27.3	-0.017944730520248413
27.31	-0.004785261452198029
27.32	0.008374207615852357
27.33	0.0065797346830368045
27.34	-0.007177892327308655
27.35	-0.01615025758743286
27.36	-0.007177892327308655
27.37	0.007177892327308655
27.38	0.0077760499715805054
27.39	-0.007177892327308655
27.4	-0.020935518741607664
27.41	-0.012561311721801758
27.42	0.007177892327308655
27.43	0.019141045808792116
27.44	0.01016867995262146
27.45	-0.0065797346830368045
27.46	-0.019141045808792116
27.47	-0.02153367519378662
27.48	-0.015552099943161011
27.49	-0.005383418798446655
27.5	0.0035889461636543275
27.51	0.011963154077529908
27.52	0.017346572875976563
27.53	0.016748415231704714
27.54	0.011364995241165162
27.55	0.004785261452198029
27.56	0.002990788519382477
27.57	0.0035889461636543275
27.58	0.002990788519382477
27.59	0.0
27.6	0.0
27.61	0.0005981576815247536
27.62	0.0017944730818271637
27.63	0.0017944730818271637
27.64	0.0023926307260990144
27.65	0.0011963153630495072
27.66	0.0
27.67	0.0
27.68	0.005383418798446655
27.69	0.007177892327308655
27.7	0.0005981576815247536
27.71	-0.004187103807926178
27.72	-0.008374207615852357
27.73	-0.01495394229888916
27.74	-0.019141045808792116
27.75	-0.011963154077529908
27.76	0.0
27.77	0.002990788519382477
27.78	-0.002990788519382477
27.79	-0.012561311721801758
27.8	-0.011364995241165162
27.81	-0.0005981576815247536
27.82	0.008972365260124206
27.83	0.013757627010345459
27.84	0.01016867995262146
27.85	0.0011963153630495072
27.86	-0.004187103807926178
27.87	-0.002990788519382477
27.88	0.0023926307260990144
27.89	0.011963154077529908
27.9	0.02033735990524292
27.91	0.02452446460723877
27.92	0.01435578465461731
27.93	-0.0065797346830368045
27.94	-0.02332814931869507
27.95	-0.01615025758743286
27.96	0.0023926307260990144
27.97	0.008972365260124206
27.98	-0.0023926307260990144
27.99	-0.017346572875976563
28.0	-0.017346572875976563
28.01	0.0
28.02	0.02691709518432617
28.03	0.041272878646850586
28.04	0.02691709518432617
28.05	-0.005981577038764954
28.06	-0.03289867162704468
28.07	-0.028113410472869874
28.08	0.0
28.09	0.02033735990524292
28.1	0.013159469366073609
28.11	-0.01016867995262146
28.12	-0.02332814931869507
28.13	-0.004187103807926178
28.14	0.02871156930923462
28.15	0.04306735038757324
28.16	0.02033735990524292
28.17	-0.01615025758743286
28.18	-0.03349683046340943
28.19	-0.020935518741607664
28.2	0.0
28.21	0.007177892327308655
28.22	0.0023926307260990144
28.23	-0.0017944730818271637
28.24	0.0017944730818271637
28.25	0.01435578465461731
28.26	0.01495394229888916
28.27	-0.004187103807926178
28.28	-0.02572077989578247
28.29	-0.019739203453063965
28.3	0.008374207615852357
28.31	0.03170235633850098
28.32	0.02572077989578247
28.33	0.0
28.34	-0.02332814931869507
28.35	-0.02452446460723877
28.36	-0.0065797346830368045
28.37	0.011364995241165162
28.38	0.011963154077529908
28.39	-0.004785261452198029
28.4	-0.02033735990524292
28.41	-0.012561311721801758
28.42	0.01016867995262146
28.43	0.02691709518432617
28.44	0.020935518741607664
28.45	0.0035889461636543275
28.46	-0.0077760499715805054
28.47	-0.011364995241165162
28.48	-0.01016867995262146
28.49	-0.008374207615852357
28.5	-0.0023926307260990144
28.51	0.005981577038764954
28.52	0.015552099943161011
28.53	0.019141045808792116
28.54	0.01435578465461731
28.55	0.005981577038764954
28.56	0.0023926307260990144
28.57	0.008374207615852357
28.58	0.019739203453063965
28.59	0.020935518741607664
28.6	0.002990788519382477
28.61	-0.02033735990524292
28.62	-0.03349683046340943
28.63	-0.02572077989578247
28.64	-0.009570522904396058
28.65	0.0
28.66	0.0
28.67	-0.0011963153630495072
28.68	0.0
28.69	0.0035889461636543275
28.7	0.01016867995262146
28.71	0.017944730520248413
28.72	0.02033735990524292
28.73	0.011364995241165162
28.74	-0.005383418798446655
28.75	-0.019739203453063965
28.76	-0.01615025758743286
28.77	0.0023926307260990144
28.78	0.022131834030151367
28.79	0.02452446460723877
28.8	0.01016867995262146
28.81	-0.0023926307260990144
28.82	-0.004187103807926178
28.83	0.0011963153630495072
28.84	0.004187103807926178
28.85	0.0
28.86	-0.011364995241165162
28.87	-0.019739203453063965
28.88	-0.019141045808792116
28.89	-0.01076683759689331
28.9	-0.0017944730818271637
28.91	0.0005981576815247536
28.92	0.0023926307260990144
28.93	0.008374207615852357
28.94	0.017944730520248413
28.95	0.016748415231704714
28.96	0.0005981576815247536
28.97	-0.011963154077529908
28.98	-0.0065797346830368045
28.99	0.01076683759689331
29.0	0.02033735990524292
29.01	0.011963154077529908
29.02	-0.004785261452198029
29.03	-0.016748415231704714
29.04	-0.01435578465461731
29.05	-0.0023926307260990144
29.06	0.005981577038764954
29.07	0.004785261452198029
29.08	-0.0065797346830368045
29.09	-0.019141045808792116
29.1	-0.016748415231704714
29.11	-0.0017944730818271637
29.12	0.01076683759689331
29.13	0.01016867995262146
29.14	0.0
29.15	-0.002990788519382477
29.16	0.0023926307260990144
29.17	0.005383418798446655
29.18	0.0
29.19	-0.002990788519382477
29.2	0.0035889461636543275
29.21	0.013757627010345459
29.22	0.009570522904396058
29.23	-0.005383418798446655
29.24	-0.017346572875976563
29.25	-0.011963154077529908
29.26	0.0
29.27	-0.0005981576815247536
29.28	-0.012561311721801758
29.29	-0.016748415231704714
29.3	-0.005981577038764954
29.31	0.005981577038764954
29.32	0.013757627010345459
29.33	0.019739203453063965
29.34	0.023926308155059816
29.35	0.01615025758743286
29.36	-0.0005981576815247536
29.37	-0.01076683759689331
29.38	0.0005981576815247536
29.39	0.02033735990524292
29.4	0.01615025758743286
29.41	-0.011963154077529908
29.42	-0.03170235633850098
29.43	-0.01495394229888916
29.44	0.015552099943161011
29.45	0.02452446460723877
29.46	0.005981577038764954
29.47	-0.012561311721801758
29.48	-0.01435578465461731
29.49	-0.005383418798446655
29.5	-0.0023926307260990144
29.51	-0.007177892327308655
29.52	-0.008972365260124206
29.53	-0.0017944730818271637
29.54	0.0017944730818271637
29.55	-0.0023926307260990144
29.56	-0.009570522904396058
29.57	0.0
29.58	0.017944730520248413
29.59	0.02572077989578247
29.6	0.015552099943161011
29.61	0.004187103807926178
29.62	0.0017944730818271637
29.63	0.0017944730818271637
29.64	0.0
29.65	0.0
29.66	0.002990788519382477
29.67	0.004785261452198029
29.68	0.0023926307260990144
29.69	-0.002990788519382477
29.7	-0.011364995241165162
29.71	-0.015552099943161011
29.72	-0.011364995241165162
29.73	-0.002990788519382477
29.74	-0.0011963153630495072
29.75	-0.005981577038764954
29.76	-0.008972365260124206
29.77	-0.004785261452198029
29.78	0.0
29.79	0.0
29.8	0.0
29.81	0.0
29.82	0.0
29.83	-0.0005981576815247536
29.84	-0.0005981576815247536
29.85	0.005981577038764954
29.86	0.015552099943161011
29.87	0.013757627010345459
29.88	-0.0005981576815247536
29.89	-0.015552099943161011
29.9	-0.012561311721801758
29.91	0.002990788519382477
29.92	0.017944730520248413
29.93	0.019739203453063965
29.94	0.013159469366073609
29.95	0.01076683759689331
29.96	0.011963154077529908
29.97	0.011364995241165162
29.98	0.008374207615852357
29.99	0.01016867995262146
30.0	0.016748415231704714
30.01	0.017346572875976563
30.02	0.005981577038764954
30.03	-0.004785261452198029
30.04	-0.0023926307260990144
30.05	0.011364995241165162
30.06	0.017944730520248413
30.07	0.0023926307260990144
30.08	-0.01615025758743286
30.09	-0.016748415231704714
30.1	0.0
30.11	0.008374207615852357
30.12	-0.0023926307260990144
30.13	-0.019141045808792116
30.14	-0.019739203453063965
30.15	-0.0065797346830368045
30.16	0.0035889461636543275
30.17	0.007177892327308655
30.18	0.004187103807926178
30.19	-0.0023926307260990144
30.2	-0.011963154077529908
30.21	-0.019141045808792116
30.22	-0.019739203453063965
30.23	-0.011963154077529908
30.24	0.0
30.25	0.011364995241165162
30.26	0.016748415231704714
30.27	0.01495394229888916
30.28	0.007177892327308655
30.29	0.0
30.3	-0.004785261452198029
30.31	0.0
30.32	0.007177892327308655
30.33	0.008374207615852357
30.34	0.0
30.35	-0.0023926307260990144
30.36	0.0011963153630495072
30.37	0.007177892327308655
30.38	0.0017944730818271637
30.39	-0.008374207615852357
30.4	-0.01435578465461731
30.41	-0.008972365260124206
30.42	-0.0023926307260990144
30.43	0.0005981576815247536
30.44	0.0077760499715805054
30.45	0.017944730520248413
30.46	0.022131834030151367
30.47	0.015552099943161011
30.48	0.0035889461636543275
30.49	-0.004187103807926178
30.5	-0.005383418798446655
30.51	-0.0005981576815247536
30.52	0.0023926307260990144
30.53	0.0
30.54	-0.005981577038764954
30.55	-0.01016867995262146
30.56	-0.005981577038764954
30.57	0.0
30.58	0.0077760499715805054
30.59	0.013159469366073609
30.6	0.012561311721801758
30.61	0.0023926307260990144
30.62	-0.008374207615852357
30.63	-0.013757627010345459
30.64	-0.013159469366073609
30.65	-0.013159469366073609
30.66	-0.01615025758743286
30.67	-0.01495394229888916
30.68	-0.005383418798446655
30.69	0.005383418798446655
30.7	0.01016867995262146
30.71	0.004187103807926178
30.72	-0.0005981576815247536
30.73	0.0035889461636543275
30.74	0.017346572875976563
30.75	0.02332814931869507
30.76	0.013757627010345459
30.77	0.0005981576815247536
30.78	-0.0005981576815247536
30.79	0.002990788519382477
30.8	0.0035889461636543275
30.81	-0.0017944730818271637
30.82	-0.008374207615852357
30.83	-0.0065797346830368045
30.84	0.0
30.85	0.005383418798446655
30.86	0.007177892327308655
30.87	0.005981577038764954
30.88	0.0005981576815247536
30.89	-0.004785261452198029
30.9	-0.007177892327308655
30.91	-0.004187103807926178
30.92	-0.0017944730818271637
30.93	-0.002990788519382477
30.94	-0.0023926307260990144
30.95	0.004187103807926178
30.96	0.013159469366073609
30.97	0.015552099943161011
30.98	0.01016867995262146
30.99	0.002990788519382477
31.0	0.0
31.01	-0.002990788519382477
31.02	-0.005981577038764954
31.03	-0.008972365260124206
31.04	-0.012561311721801758
31.05	-0.011963154077529908
31.06	-0.0065797346830368045
31.07	0.0
31.08	-0.0011963153630495072
31.09	-0.008972365260124206
31.1	-0.011963154077529908
31.11	-0.0011963153630495072
31.12	0.013757627010345459
31.13	0.020935518741607664
31.14	0.01615025758743286
31.15	0.009570522904396058
31.16	0.013159469366073609
31.17	0.02332814931869507
31.18	0.026318938732147218
31.19	0.017346572875976563
31.2	0.0017944730818271637
31.21	-0.0077760499715805054
31.22	-0.01016867995262146
31.23	-0.002990788519382477
31.24	0.0035889461636543275
31.25	0.0035889461636543275
31.26	-0.0005981576815247536
31.27	-0.002990788519382477
31.28	0.0
31.29	0.0
31.3	-0.0017944730818271637
31.31	-0.0065797346830368045
31.32	-0.0077760499715805054
31.33	-0.005383418798446655
31.34	-0.0035889461636543275
31.35	-0.005383418798446655
31.36	-0.0077760499715805054
31.37	-0.0065797346830368045
31.38	-0.0005981576815247536
31.39	0.0035889461636543275
31.4	0.008972365260124206
31.41	0.01435578465461731
31.42	0.015552099943161011
31.43	0.0035889461636543275
31.44	-0.015552099943161011
31.45	-0.02691709518432617
31.46	-0.01615025758743286
31.47	0.005981577038764954
31.48	0.02153367519378662
31.49	0.019739203453063965
31.5	0.0065797346830368045
31.51	-0.002990788519382477
31.52	-0.0065797346830368045
31.53	-0.0023926307260990144
31.54	0.002990788519382477
31.55	0.004785261452198029
31.56	-0.0017944730818271637
31.57	-0.011364995241165162
31.58	-0.0077760499715805054
31.59	0.004187103807926178
31.6	0.012561311721801758
31.61	0.0065797346830368045
31.62	-0.0023926307260990144
31.63	-0.004785261452198029
31.64	-0.002990788519382477
31.65	-0.005981577038764954
31.66	-0.01016867995262146
31.67	-0.004187103807926178
31.68	0.005383418798446655
31.69	0.008374207615852357
31.7	0.0
31.71	-0.0065797346830368045
31.72	-0.008972365260124206
31.73	-0.0077760499715805054
31.74	-0.005981577038764954
31.75	0.0
31.76	0.008374207615852357
31.77	0.016748415231704714
31.78	0.017346572875976563
31.79	0.01076683759689331
31.8	0.004187103807926178
31.81	0.0035889461636543275
31.82	0.008374207615852357
31.83	0.008972365260124206
31.84	0.0005981576815247536
31.85	-0.008374207615852357
31.86	-0.012561311721801758
31.87	-0.0077760499715805054
31.88	-0.002990788519382477
31.89	-0.002990788519382477
31.9	-0.005383418798446655
31.91	-0.004785261452198029
31.92	0.0
31.93	0.004785261452198029
31.94	0.002990788519382477
31.95	-0.004187103807926178
31.96	-0.009570522904396058
31.97	-0.004187103807926178
31.98	0.002990788519382477
31.99	0.0065797346830368045
32.0	0.002990788519382477
32.01	0.0
32.02	0.0017944730818271637
32.03	0.0065797346830368045
32.04	0.008374207615852357
32.05	0.0023926307260990144
32.06	-0.005981577038764954
32.07	-0.013757627010345459
32.08	-0.011364995241165162
32.09	-0.0023926307260990144
32.1	0.004187103807926178
32.11	0.008972365260124206
32.12	0.0077760499715805054
32.13	0.0
32.14	-0.004187103807926178
32.15	0.0
32.16	0.008374207615852357
32.17	0.011963154077529908
32.18	0.004187103807926178
32.19	-0.004785261452198029
32.2	-0.011364995241165162
32.21	-0.011364995241165162
32.22	-0.007177892327308655
32.23	-0.0017944730818271637
32.24	0.0
32.25	0.0005981576815247536
32.26	0.0023926307260990144
32.27	0.008972365260124206
32.28	0.016748415231704714
32.29	0.016748415231704714
32.3	0.007177892327308655
32.31	-0.0005981576815247536
32.32	0.0
32.33	0.0077760499715805054
32.34	0.012561311721801758
32.35	0.0011963153630495072
32.36	-0.015552099943161011
32.37	-0.025122623443603515
32.38	-0.020935518741607664
32.39	-0.0077760499715805054
32.4	0.004785261452198029
32.41	0.016748415231704714
32.42	0.02033735990524292
32.43	0.011364995241165162
32.44	0.0
32.45	-0.005981577038764954
32.46	-0.002990788519382477
32.47	-0.0017944730818271637
32.48	-0.0065797346830368045
32.49	-0.01016867995262146
32.5	-0.005981577038764954
32.51	0.0005981576815247536
32.52	0.005981577038764954
32.53	0.005981577038764954
32.54	0.005383418798446655
32.55	0.0065797346830368045
32.56	0.007177892327308655
32.57	0.004187103807926178
32.58	-0.0005981576815247536
32.59	-0.004187103807926178
32.6	-0.0005981576815247536
32.61	0.005383418798446655
32.62	0.011364995241165162
32.63	0.011364995241165162
32.64	0.004187103807926178
32.65	-0.0035889461636543275
32.66	-0.005383418798446655
32.67	0.0
32.68	0.004785261452198029
32.69	0.0
32.7	-0.0077760499715805054
32.71	-0.009570522904396058
32.72	-0.005981577038764954
32.73	-0.0023926307260990144
32.74	-0.0017944730818271637
32.75	-0.002990788519382477
32.76	-0.004187103807926178
32.77	-0.002990788519382477
32.78	0.0035889461636543275
32.79	0.01435578465461731
32.8	0.01615025758743286
32.81	0.005383418798446655
32.82	-0.0023926307260990144
32.83	0.0
32.84	0.01016867995262146
32.85	0.009570522904396058
32.86	-0.0017944730818271637
32.87	-0.013159469366073609
32.88	-0.01076683759689331
32.89	0.0
32.9	0.009570522904396058
32.91	0.01076683759689331
32.92	0.005383418798446655
32.93	0.0005981576815247536
32.94	0.0005981576815247536
32.95	0.0005981576815247536
32.96	-0.0023926307260990144
32.97	-0.009570522904396058
32.98	-0.013159469366073609
32.99	-0.011364995241165162
33.0	-0.005383418798446655
33.01	0.0011963153630495072
33.02	0.008972365260124206
33.03	0.012561311721801758
33.04	0.011364995241165162
33.05	0.0077760499715805054
33.06	0.0035889461636543275
33.07	0.0023926307260990144
33.08	0.0035889461636543275
33.09	0.004187103807926178
33.1	0.0
33.11	-0.004785261452198029
33.12	-0.009570522904396058
33.13	-0.007177892327308655
33.14	0.0
33.15	0.0023926307260990144
33.16	0.0
33.17	-0.002990788519382477
33.18	-0.0023926307260990144
33.19	-0.0017944730818271637
33.2	-0.004187103807926178
33.21	-0.005981577038764954
33.22	-0.0005981576815247536
33.23	0.005981577038764954
33.24	0.005981577038764954
33.25	-0.0005981576815247536
33.26	-0.007177892327308655
33.27	-0.002990788519382477
33.28	0.002990788519382477
33.29	0.0065797346830368045
33.3	0.0017944730818271637
33.31	-0.004187103807926178
33.32	-0.01016867995262146
33.33	-0.01076683759689331
33.34	-0.004785261452198029
33.35	0.0011963153630495072
33.36	0.007177892327308655
33.37	0.011364995241165162
33.38	0.013757627010345459
33.39	0.011963154077529908
33.4	0.0065797346830368045
33.41	0.0005981576815247536
33.42	-0.0011963153630495072
33.43	-0.0005981576815247536
33.44	0.0011963153630495072
33.45	0.004785261452198029
33.46	0.004187103807926178
33.47	0.0
33.48	-0.005383418798446655
33.49	-0.008972365260124206
33.5	-0.009570522904396058
33.51	-0.0065797346830368045
33.52	0.0
33.53	0.004187103807926178
33.54	0.0
33.55	-0.0035889461636543275
33.56	-0.0005981576815247536
33.57	0.004785261452198029
33.58	0.007177892327308655
33.59	0.005383418798446655
33.6	0.0035889461636543275
33.61	0.0005981576815247536
33.62	-0.002990788519382477
33.63	-0.005383418798446655
33.64	0.0
33.65	0.007177892327308655
33.66	0.009570522904396058
33.67	0.004187103807926178
33.68	0.0
33.69	0.0
33.7	0.0023926307260990144
33.71	0.0
33.72	-0.004785261452198029
33.73	-0.005981577038764954
33.74	0.0
33.75	0.004187103807926178
33.76	0.0017944730818271637
33.77	-0.004187103807926178
33.78	-0.007177892327308655
33.79	-0.0011963153630495072
33.8	0.004785261452198029
33.81	0.0023926307260990144
33.82	-0.005981577038764954
33.83	-0.01016867995262146
33.84	-0.0017944730818271637
33.85	0.005383418798446655
33.86	0.005383418798446655
33.87	0.002990788519382477
33.88	0.007177892327308655
33.89	0.011963154077529908
33.9	0.0077760499715805054
33.91	-0.0011963153630495072
33.92	-0.01076683759689331
33.93	-0.011963154077529908
33.94	-0.005981577038764954
33.95	0.0017944730818271637
33.96	0.01076683759689331
33.97	0.013757627010345459
33.98	0.011364995241165162
33.99	0.005981577038764954
34.0	0.002990788519382477
34.01	0.002990788519382477
34.02	0.004187103807926178
34.03	0.0023926307260990144
34.04	-0.0017944730818271637
34.05	-0.009570522904396058
34.06	-0.01435578465461731
34.07	-0.01435578465461731
34.08	-0.011963154077529908
34.09	-0.008972365260124206
34.1	-0.0065797346830368045
34.11	-0.002990788519382477
34.12	0.0
34.13	0.0017944730818271637
34.14	0.004187103807926178
34.15	0.008972365260124206
34.16	0.015552099943161011
34.17	0.019141045808792116
34.18	0.015552099943161011
34.19	0.008374207615852357
34.2	0.0023926307260990144
34.21	0.0
34.22	-0.0035889461636543275
34.23	-0.009570522904396058
34.24	-0.013159469366073609
34.25	-0.011364995241165162
34.26	-0.005383418798446655
34.27	-0.0011963153630495072
34.28	-0.0023926307260990144
34.29	-0.008374207615852357
34.3	-0.013159469366073609
34.31	-0.01076683759689331
34.32	0.0
34.33	0.01435578465461731
34.34	0.019141045808792116
34.35	0.013757627010345459
34.36	0.0065797346830368045
34.37	0.0065797346830368045
34.38	0.011364995241165162
34.39	0.01076683759689331
34.4	0.0023926307260990144
34.41	-0.0035889461636543275
34.42	-0.005383418798446655
34.43	-0.002990788519382477
34.44	-0.0017944730818271637
34.45	-0.005383418798446655
34.46	-0.01016867995262146
34.47	-0.01016867995262146
34.48	-0.0005981576815247536
34.49	0.011364995241165162
34.5	0.016748415231704714
34.51	0.008972365260124206
34.52	-0.0023926307260990144
34.53	-0.007177892327308655
34.54	-0.0023926307260990144
34.55	0.0017944730818271637
34.56	0.002990788519382477
34.57	0.0
34.58	-0.002990788519382477
34.59	-0.004187103807926178
34.6	-0.0035889461636543275
34.61	-0.0023926307260990144
34.62	-0.0017944730818271637
34.63	-0.0017944730818271637
34.64	-0.0005981576815247536
34.65	0.0
34.66	0.005383418798446655
34.67	0.011963154077529908
34.68	0.015552099943161011
34.69	0.011364995241165162
34.7	0.0017944730818271637
34.71	-0.005383418798446655
34.72	-0.008972365260124206
34.73	-0.0077760499715805054
34.74	-0.005383418798446655
34.75	-0.0011963153630495072
34.76	0.0005981576815247536
34.77	0.0023926307260990144
34.78	0.0011963153630495072
34.79	0.0005981576815247536
34.8	0.0011963153630495072
34.81	0.0005981576815247536
34.82	-0.0005981576815247536
34.83	-0.0023926307260990144
34.84	-0.002990788519382477
34.85	-0.0035889461636543275
34.86	-0.004785261452198029
34.87	-0.002990788519382477
34.88	0.0
34.89	0.0017944730818271637
34.9	0.0
34.91	-0.0035889461636543275
34.92	-0.0005981576815247536
34.93	0.0035889461636543275
34.94	0.007177892327308655
34.95	0.005981577038764954
34.96	0.002990788519382477
34.97	0.0023926307260990144
34.98	0.005383418798446655
34.99	0.0065797346830368045
35.0	0.002990788519382477
35.01	-0.0005981576815247536
35.02	-0.0005981576815247536
35.03	0.004187103807926178
35.04	0.0077760499715805054
35.05	0.0017944730818271637
35.06	-0.0023926307260990144
35.07	0.0
35.08	0.007177892327308655
35.09	0.01016867995262146
35.1	0.0035889461636543275
35.11	-0.004187103807926178
35.12	-0.009570522904396058
35.13	-0.01076683759689331
35.14	-0.009570522904396058
35.15	-0.0077760499715805054
35.16	-0.004187103807926178
35.17	-0.0005981576815247536
35.18	0.0
35.19	0.002990788519382477
35.2	0.007177892327308655
35.21	0.008374207615852357
35.22	0.0035889461636543275
35.23	-0.0017944730818271637
35.24	-0.004187103807926178
35.25	0.0
35.26	0.0035889461636543275
35.27	0.0065797346830368045
35.28	0.0065797346830368045
35.29	0.005383418798446655
35.3	0.0035889461636543275
35.31	0.0
35.32	-0.0023926307260990144
35.33	-0.004187103807926178
35.34	-0.0023926307260990144
35.35	0.0
35.36	0.0
35.37	0.0017944730818271637
35.38	0.0023926307260990144
35.39	0.0
35.4	-0.002990788519382477
35.41	-0.002990788519382477
35.42	-0.0011963153630495072
35.43	0.0
35.44	0.0
35.45	0.0
35.46	0.0
35.47	0.0
35.48	0.0
35.49	0.0035889461636543275
35.5	0.007177892327308655
35.51	0.005981577038764954
35.52	0.0
35.53	-0.0023926307260990144
35.54	-0.0005981576815247536
35.55	0.0023926307260990144
35.56	0.007177892327308655
35.57	0.007177892327308655
35.58	0.004187103807926178
35.59	0.0017944730818271637
35.6	0.0023926307260990144
35.61	0.0023926307260990144
35.62	0.0
35.63	-0.002990788519382477
35.64	-0.004785261452198029
35.65	-0.002990788519382477
35.66	-0.0017944730818271637
35.67	-0.0023926307260990144
35.68	-0.002990788519382477
35.69	0.0
35.7	0.0035889461636543275
35.71	0.0077760499715805054
35.72	0.007177892327308655
35.73	0.002990788519382477
35.74	-0.0017944730818271637
35.75	-0.0065797346830368045
35.76	-0.009570522904396058
35.77	-0.009570522904396058
35.78	-0.0065797346830368045
35.79	-0.002990788519382477
35.8	0.0
35.81	0.004187103807926178
35.82	0.0035889461636543275
35.83	0.0
35.84	-0.004187103807926178
35.85	-0.0065797346830368045
35.86	-0.005383418798446655
35.87	-0.004187103807926178
35.88	-0.0035889461636543275
35.89	-0.0023926307260990144
35.9	0.0023926307260990144
35.91	0.01076683759689331
35.92	0.013159469366073609
35.93	0.0065797346830368045
35.94	-0.0011963153630495072
35.95	-0.004187103807926178
35.96	-0.0011963153630495072
35.97	0.0017944730818271637
35.98	0.004785261452198029
35.99	0.004785261452198029
36.0	0.0035889461636543275
36.01	0.0
36.02	-0.0023926307260990144
36.03	-0.0005981576815247536
36.04	0.0017944730818271637
36.05	0.0023926307260990144
36.06	0.0
36.07	-0.002990788519382477
36.08	-0.0005981576815247536
36.09	0.0017944730818271637
36.1	0.002990788519382477
36.11	0.0011963153630495072
36.12	0.0
36.13	0.0
36.14	0.0
36.15	0.0023926307260990144
36.16	0.004785261452198029
36.17	0.005383418798446655
36.18	0.0017944730818271637
36.19	-0.004187103807926178
36.2	-0.013159469366073609
36.21	-0.013757627010345459
36.22	-0.004187103807926178
36.23	0.0065797346830368045
36.24	0.01016867995262146
36.25	0.0017944730818271637
36.26	-0.007177892327308655
36.27	-0.008972365260124206
36.28	-0.0011963153630495072
36.29	0.004785261452198029
36.3	0.0011963153630495072
36.31	-0.009570522904396058
36.32	-0.02033735990524292
36.33	-0.019739203453063965
36.34	-0.007177892327308655
36.35	0.005383418798446655
36.36	0.013159469366073609
36.37	0.011364995241165162
36.38	0.004187103807926178
36.39	-0.0005981576815247536
36.4	-0.0035889461636543275
36.41	0.0
36.42	0.004187103807926178
36.43	0.004187103807926178
36.44	-0.0017944730818271637
36.45	-0.01016867995262146
36.46	-0.007177892327308655
36.47	0.005383418798446655
36.48	0.016748415231704714
36.49	0.013757627010345459
36.5	0.0
36.51	-0.008374207615852357
36.52	-0.007177892327308655
36.53	-0.0005981576815247536
36.54	0.0
36.55	-0.0005981576815247536
36.56	0.0
36.57	0.005383418798446655
36.58	0.008374207615852357
36.59	0.004187103807926178
36.6	-0.0005981576815247536
36.61	-0.0023926307260990144
36.62	-0.0017944730818271637
36.63	-0.004187103807926178
36.64	-0.009570522904396058
36.65	-0.011963154077529908
36.66	-0.007177892327308655
36.67	-0.0005981576815247536
36.68	0.0
36.69	0.0
36.7	0.0017944730818271637
36.71	0.005981577038764954
36.72	0.005383418798446655
36.73	0.0
36.74	-0.004785261452198029
36.75	-0.007177892327308655
36.76	-0.005981577038764954
36.77	-0.0035889461636543275
36.78	-0.0005981576815247536
36.79	0.0
36.8	0.0011963153630495072
36.81	0.004785261452198029
36.82	0.0077760499715805054
36.83	0.005383418798446655
36.84	0.0
36.85	-0.0023926307260990144
36.86	-0.0011963153630495072
36.87	0.0011963153630495072
36.88	0.0017944730818271637
36.89	0.0
36.9	-0.004187103807926178
36.91	-0.002990788519382477
36.92	0.0
36.93	0.0005981576815247536
36.94	-0.0017944730818271637
36.95	-0.005981577038764954
36.96	-0.005383418798446655
36.97	-0.004187103807926178
36.98	-0.005981577038764954
36.99	-0.008972365260124206
37.0	-0.007177892327308655
37.01	0.0
37.02	0.0077760499715805054
37.03	0.013757627010345459
37.04	0.01615025758743286
37.05	0.016748415231704714
37.06	0.01615025758743286
37.07	0.013159469366073609
37.08	0.008972365260124206
37.09	0.004785261452198029
37.1	0.0023926307260990144
37.11	0.0011963153630495072
37.12	0.0
37.13	-0.0017944730818271637
37.14	-0.007177892327308655
37.15	-0.01016867995262146
37.16	-0.008972365260124206
37.17	-0.005981577038764954
37.18	-0.005383418798446655
37.19	-0.0065797346830368045
37.2	-0.002990788519382477
37.21	0.002990788519382477
37.22	0.008374207615852357
37.23	0.007177892327308655
37.24	0.0017944730818271637
37.25	0.0
37.26	0.0
37.27	0.0
37.28	0.0
37.29	0.0
37.3	0.005981577038764954
37.31	0.012561311721801758
37.32	0.011963154077529908
37.33	0.0023926307260990144
37.34	-0.0065797346830368045
37.35	-0.013159469366073609
37.36	-0.015552099943161011
37.37	-0.01495394229888916
37.38	-0.011963154077529908
37.39	-0.0077760499715805054
37.4	-0.0035889461636543275
37.41	0.0
37.42	0.0011963153630495072
37.43	0.005383418798446655
37.44	0.007177892327308655
37.45	0.005383418798446655
37.46	0.0035889461636543275
37.47	0.004187103807926178
37.48	0.005981577038764954
37.49	0.004785261452198029
37.5	0.0017944730818271637
37.51	0.0
37.52	-0.0005981576815247536
37.53	-0.0035889461636543275
37.54	-0.005383418798446655
37.55	-0.0035889461636543275
37.56	0.0
37.57	0.0011963153630495072
37.58	0.0035889461636543275
37.59	0.0065797346830368045
37.6	0.009570522904396058
37.61	0.01016867995262146
37.62	0.007177892327308655
37.63	0.0017944730818271637
37.64	-0.0017944730818271637
37.65	-0.004187103807926178
37.66	-0.004785261452198029
37.67	-0.0035889461636543275
37.68	-0.002990788519382477
37.69	-0.0035889461636543275
37.7	-0.0023926307260990144
37.71	0.0011963153630495072
37.72	0.007177892327308655
37.73	0.0077760499715805054
37.74	0.005383418798446655
37.75	0.004187103807926178
37.76	0.005383418798446655
37.77	0.0035889461636543275
37.78	-0.0011963153630495072
37.79	-0.0065797346830368045
37.8	-0.005981577038764954
37.81	-0.0011963153630495072
37.82	0.0017944730818271637
37.83	0.005383418798446655
37.84	0.0065797346830368045
37.85	0.004785261452198029
37.86	0.0
37.87	-0.004187103807926178
37.88	-0.008374207615852357
37.89	-0.01016867995262146
37.9	-0.009570522904396058
37.91	-0.0065797346830368045
37.92	-0.0023926307260990144
37.93	0.0
37.94	0.0035889461636543275
37.95	0.0065797346830368045
37.96	0.005981577038764954
37.97	0.0035889461636543275
37.98	0.004785261452198029
37.99	0.005383418798446655
38.0	0.0
38.01	-0.0077760499715805054
38.02	-0.012561311721801758
38.03	-0.008374207615852357
38.04	0.0
38.05	0.0023926307260990144
38.06	0.0023926307260990144
38.07	0.0
38.08	-0.002990788519382477
38.09	-0.004785261452198029
38.1	-0.0023926307260990144
38.11	0.0011963153630495072
38.12	0.0035889461636543275
38.13	0.0005981576815247536
38.14	-0.0023926307260990144
38.15	-0.004785261452198029
38.16	-0.0035889461636543275
38.17	-0.0011963153630495072
38.18	-0.0005981576815247536
38.19	0.0
38.2	0.0
38.21	0.0035889461636543275
38.22	0.007177892327308655
38.23	0.0065797346830368045
38.24	0.004785261452198029
38.25	0.004785261452198029
38.26	0.007177892327308655
38.27	0.0077760499715805054
38.28	0.004785261452198029
38.29	0.0017944730818271637
38.3	0.0017944730818271637
38.31	0.0023926307260990144
38.32	0.0
38.33	-0.004187103807926178
38.34	-0.005981577038764954
38.35	-0.004187103807926178
38.36	-0.0005981576815247536
38.37	0.0
38.38	0.0
38.39	0.0011963153630495072
38.4	0.0011963153630495072
38.41	0.0
38.42	-0.0011963153630495072
38.43	-0.0035889461636543275
38.44	-0.004785261452198029
38.45	-0.004187103807926178
38.46	-0.0017944730818271637
38.47	0.0
38.48	0.004187103807926178
38.49	0.0077760499715805054
38.5	0.008374207615852357
38.51	0.0065797346830368045
38.52	0.0023926307260990144
38.53	-0.0011963153630495072
38.54	-0.004785261452198029
38.55	-0.004785261452198029
38.56	-0.0035889461636543275
38.57	-0.0017944730818271637
38.58	-0.0005981576815247536
38.59	0.0
38.6	0.0035889461636543275
38.61	0.0077760499715805054
38.62	0.0077760499715805054
38.63	0.0023926307260990144
38.64	-0.002990788519382477
38.65	-0.0077760499715805054
38.66	-0.0077760499715805054
38.67	-0.005383418798446655
38.68	-0.0035889461636543275
38.69	-0.0011963153630495072
38.7	0.0011963153630495072
38.71	0.004187103807926178
38.72	0.002990788519382477
38.73	0.0
38.74	-0.002990788519382477
38.75	-0.0023926307260990144
38.76	0.0017944730818271637
38.77	0.009570522904396058
38.78	0.01495394229888916
38.79	0.01435578465461731
38.8	0.01076683759689331
38.81	0.0077760499715805054
38.82	0.0077760499715805054
38.83	0.0077760499715805054
38.84	0.005383418798446655
38.85	0.0
38.86	-0.0035889461636543275
38.87	-0.005981577038764954
38.88	-0.0035889461636543275
38.89	-0.0005981576815247536
38.9	0.0
38.91	-0.0017944730818271637
38.92	-0.0017944730818271637
38.93	0.0
38.94	0.0
38.95	-0.002990788519382477
38.96	-0.0077760499715805054
38.97	-0.009570522904396058
38.98	-0.0077760499715805054
38.99	-0.004785261452198029
39.0	-0.0035889461636543275
39.01	-0.0023926307260990144
39.02	0.0
39.03	0.0065797346830368045
39.04	0.012561311721801758
39.05	0.011963154077529908
39.06	0.004785261452198029
39.07	-0.0011963153630495072
39.08	-0.0017944730818271637
39.09	0.0017944730818271637
39.1	0.005981577038764954
39.11	0.0035889461636543275
39.12	0.0
39.13	0.0023926307260990144
39.14	0.0077760499715805054
39.15	0.007177892327308655
39.16	0.0005981576815247536
39.17	-0.002990788519382477
39.18	-0.0011963153630495072
39.19	0.0017944730818271637
39.2	0.004187103807926178
39.21	0.0
39.22	-0.0035889461636543275
39.23	-0.005981577038764954
39.24	-0.0035889461636543275
39.25	0.0
39.26	0.0011963153630495072
39.27	0.0011963153630495072
39.28	0.0017944730818271637
39.29	0.004785261452198029
39.3	0.0077760499715805054
39.31	0.0065797346830368045
39.32	0.0017944730818271637
39.33	-0.0005981576815247536
39.34	-0.0017944730818271637
39.35	-0.0017944730818271637
39.36	-0.0023926307260990144
39.37	-0.0023926307260990144
39.38	-0.002990788519382477
39.39	-0.004187103807926178
39.4	-0.0035889461636543275
39.41	-0.0005981576815247536
39.42	0.0
39.43	-0.0005981576815247536
39.44	-0.002990788519382477
39.45	-0.0035889461636543275
39.46	-0.0005981576815247536
39.47	0.0
39.48	0.0
39.49	-0.004785261452198029
39.5	-0.0077760499715805054
39.51	-0.005383418798446655
39.52	0.0
39.53	0.005383418798446655
39.54	0.007177892327308655
39.55	0.005383418798446655
39.56	0.0023926307260990144
39.57	0.0017944730818271637
39.58	0.0017944730818271637
39.59	0.0017944730818271637
39.6	0.0023926307260990144
39.61	0.0023926307260990144
39.62	0.0023926307260990144
39.63	0.0
39.64	0.0
39.65	-0.0011963153630495072
39.66	-0.0005981576815247536
39.67	0.0005981576815247536
39.68	0.004187103807926178
39.69	0.005981577038764954
39.7	0.007177892327308655
39.71	0.007177892327308655
39.72	0.0065797346830368045
39.73	0.0035889461636543275
39.74	0.0
39.75	-0.004187103807926178
39.76	-0.005383418798446655
39.77	-0.002990788519382477
39.78	0.0
39.79	0.0005981576815247536
39.8	0.0017944730818271637
39.81	0.0005981576815247536
39.82	-0.0005981576815247536
39.83	-0.0023926307260990144
39.84	-0.002990788519382477
39.85	-0.0023926307260990144
39.86	-0.0011963153630495072
39.87	0.0
39.88	0.0005981576815247536
39.89	0.0
39.9	-0.0023926307260990144
39.91	-0.0035889461636543275
39.92	-0.0017944730818271637
39.93	0.0
39.94	0.0017944730818271637
39.95	0.0011963153630495072
39.96	0.0
39.97	0.0
39.98	0.0
39.99	-0.0005981576815247536
40.0	-0.0011963153630495072
40.01	0.0
40.02	0.0
40.03	0.0011963153630495072
40.04	0.0
40.05	0.0
40.06	-0.0017944730818271637
40.07	-0.0035889461636543275
40.08	-0.004187103807926178
40.09	-0.0023926307260990144
40.1	0.0005981576815247536
40.11	0.0065797346830368045
40.12	0.009570522904396058
40.13	0.008374207615852357
40.14	0.005981577038764954
40.15	0.0035889461636543275
40.16	0.0023926307260990144
40.17	0.0017944730818271637
40.18	0.0017944730818271637
40.19	0.0023926307260990144
40.2	0.002990788519382477
40.21	0.002990788519382477
40.22	0.0017944730818271637
40.23	0.0
40.24	-0.004187103807926178
40.25	-0.005981577038764954
40.26	-0.004785261452198029
40.27	-0.0017944730818271637
40.28	0.0
40.29	0.0
40.3	0.0017944730818271637
40.31	0.0035889461636543275
40.32	0.002990788519382477
40.33	0.0005981576815247536
40.34	0.0
40.35	0.0005981576815247536
40.36	0.0035889461636543275
40.37	0.004785261452198029
40.38	0.002990788519382477
40.39	0.0017944730818271637
40.4	0.002990788519382477
40.41	0.0035889461636543275
40.42	0.0
40.43	-0.004785261452198029
40.44	-0.008972365260124206
40.45	-0.0077760499715805054
40.46	-0.005383418798446655
40.47	-0.004187103807926178
40.48	-0.0035889461636543275
40.49	-0.0017944730818271637
40.5	0.0023926307260990144
40.51	0.008374207615852357
40.52	0.01016867995262146
40.53	0.005981577038764954
40.54	0.0
40.55	-0.0005981576815247536
40.56	-0.0005981576815247536
40.57	-0.0011963153630495072
40.58	-0.0035889461636543275
40.59	-0.004785261452198029
40.6	-0.002990788519382477
40.61	0.0
40.62	0.0
40.63	0.0
40.64	-0.0005981576815247536
40.65	0.0
40.66	0.0
40.67	0.0
40.68	-0.0005981576815247536
40.69	-0.0011963153630495072
40.7	0.0
40.71	0.005383418798446655
40.72	0.009570522904396058
40.73	0.01076683759689331
40.74	0.009570522904396058
40.75	0.0065797346830368045
40.76	0.004187103807926178
40.77	0.0017944730818271637
40.78	0.0
40.79	-0.0011963153630495072
40.8	-0.0005981576815247536
40.81	0.0
40.82	0.0011963153630495072
40.83	0.0005981576815247536
40.84	0.0011963153630495072
40.85	0.0035889461636543275
40.86	0.005383418798446655
40.87	0.004187103807926178
40.88	0.0005981576815247536
40.89	-0.0005981576815247536
40.9	-0.002990788519382477
40.91	-0.004187103807926178
40.92	-0.004187103807926178
40.93	-0.002990788519382477
40.94	-0.0011963153630495072
40.95	-0.0011963153630495072
40.96	-0.002990788519382477
40.97	-0.004187103807926178
40.98	-0.0017944730818271637
40.99	0.0
41.0	-0.0011963153630495072
41.01	-0.002990788519382477
41.02	-0.002990788519382477
41.03	-0.0011963153630495072
41.04	0.0
41.05	0.0
41.06	-0.0005981576815247536
41.07	-0.0023926307260990144
41.08	-0.0035889461636543275
41.09	0.0
41.1	0.0035889461636543275
41.11	0.0065797346830368045
41.12	0.005383418798446655
41.13	0.0023926307260990144
41.14	0.0017944730818271637
41.15	0.0017944730818271637
41.16	0.0017944730818271637
41.17	0.0005981576815247536
41.18	0.0005981576815247536
41.19	0.0023926307260990144
41.2	0.0035889461636543275
41.21	0.002990788519382477
41.22	0.0011963153630495072
41.23	0.0011963153630495072
41.24	0.0011963153630495072
41.25	0.0005981576815247536
41.26	0.0
41.27	0.0
41.28	0.0017944730818271637
41.29	0.0035889461636543275
41.3	0.0023926307260990144
41.31	0.0
41.32	-0.0017944730818271637
41.33	-0.0011963153630495072
41.34	0.0
41.35	0.0
41.36	-0.0005981576815247536
41.37	-0.002990788519382477
41.38	-0.004187103807926178
41.39	-0.002990788519382477
41.4	-0.0011963153630495072
41.41	0.0
41.42	0.0
41.43	0.0
41.44	0.0017944730818271637
41.45	0.002990788519382477
41.46	0.0017944730818271637
41.47	0.0005981576815247536
41.48	0.0011963153630495072
41.49	0.002990788519382477
41.5	0.004187103807926178
41.51	0.002990788519382477
41.52	0.0011963153630495072
41.53	0.0
41.54	0.0
41.55	0.0
41.56	-0.0005981576815247536
41.57	-0.004785261452198029
41.58	-0.007177892327308655
41.59	-0.005383418798446655
41.6	-0.0005981576815247536
41.61	0.0011963153630495072
41.62	0.0005981576815247536
41.63	-0.0023926307260990144
41.64	-0.005981577038764954
41.65	-0.0065797346830368045
41.66	-0.002990788519382477
41.67	0.0
41.68	0.0023926307260990144
41.69	0.0023926307260990144
41.7	0.0011963153630495072
41.71	0.0011963153630495072
41.72	0.0017944730818271637
41.73	0.0017944730818271637
41.74	0.0
41.75	0.0
41.76	0.0
41.77	0.0005981576815247536
41.78	0.0017944730818271637
41.79	0.0023926307260990144
41.8	0.0017944730818271637
41.81	0.0005981576815247536
41.82	0.0
41.83	0.0
41.84	0.0
41.85	0.0
41.86	0.002990788519382477
41.87	0.004785261452198029
41.88	0.0035889461636543275
41.89	0.0
41.9	-0.0017944730818271637
41.91	-0.0023926307260990144
41.92	-0.0005981576815247536
41.93	0.0
41.94	-0.0005981576815247536
41.95	-0.0011963153630495072
41.96	0.0
41.97	0.0
41.98	0.0
41.99	-0.0011963153630495072
42.0	-0.0017944730818271637
42.01	-0.0011963153630495072
42.02	0.0
42.03	0.0
42.04	0.0
42.05	0.0
42.06	0.0005981576815247536
42.07	0.0023926307260990144
42.08	0.0035889461636543275
42.09	0.004785261452198029
42.1	0.0035889461636543275
42.11	0.0017944730818271637
42.12	0.0
42.13	0.0
42.14	-0.0005981576815247536
42.15	-0.0017944730818271637
42.16	-0.0023926307260990144
42.17	-0.0011963153630495072
42.18	0.0
42.19	0.0
42.2	0.0005981576815247536
42.21	0.0023926307260990144
42.22	0.002990788519382477
42.23	0.0011963153630495072
42.24	0.0
42.25	0.0
42.26	0.0
42.27	0.0
42.28	-0.0005981576815247536
42.29	-0.0017944730818271637
42.3	-0.0017944730818271637
42.31	-0.0005981576815247536
42.32	-0.0005981576815247536
42.33	0.0
42.34	0.0035889461636543275
42.35	0.0065797346830368045
42.36	0.004785261452198029
42.37	0.0
42.38	-0.0017944730818271637
42.39	-0.002990788519382477
42.4	-0.0023926307260990144
42.41	-0.0017944730818271637
42.42	-0.0005981576815247536
42.43	0.0
42.44	0.0017944730818271637
42.45	0.0035889461636543275
42.46	0.004187103807926178
42.47	0.002990788519382477
42.48	0.0011963153630495072
42.49	0.0011963153630495072
42.5	0.0017944730818271637
42.51	0.0017944730818271637
42.52	0.0011963153630495072
42.53	0.0
42.54	0.0
42.55	0.0005981576815247536
42.56	0.002990788519382477
42.57	0.004187103807926178
42.58	0.002990788519382477
42.59	0.0011963153630495072
42.6	0.0
42.61	0.0005981576815247536
42.62	0.0017944730818271637
42.63	0.0011963153630495072
42.64	0.0
42.65	-0.0011963153630495072
42.66	-0.0017944730818271637
42.67	-0.0005981576815247536
42.68	0.0
42.69	0.0005981576815247536
42.7	0.0005981576815247536
42.71	0.0011963153630495072
42.72	0.0017944730818271637
42.73	0.0023926307260990144
42.74	0.0017944730818271637
42.75	0.0017944730818271637
42.76	0.0023926307260990144
42.77	0.0017944730818271637
42.78	0.0
42.79	-0.0011963153630495072
42.8	-0.002990788519382477
42.81	-0.004785261452198029
42.82	-0.004785261452198029
42.83	-0.004187103807926178
42.84	-0.002990788519382477
42.85	-0.0017944730818271637
42.86	-0.0005981576815247536
42.87	0.0
42.88	0.004785261452198029
42.89	0.008374207615852357
42.9	0.008972365260124206
42.91	0.005981577038764954
42.92	0.0017944730818271637
42.93	0.0
42.94	0.0
42.95	0.0
42.96	-0.0023926307260990144
42.97	-0.004187103807926178
42.98	-0.0035889461636543275
42.99	-0.0005981576815247536
43.0	0.0005981576815247536
