1.235600
1.302111
1.498004
2.953379
6.325849
3.334683
2.390642
2.077034
2.248382
1.527873
1.517690
1.481357
1.559721
1.645437
1.795436
1.857813
1.821421
1.688997
1.509985
1.366909
1.195137
1.021516
0.882658
0.749778
0.643808
0.581274
0.595812
0.561692
0.460972
0.376911
0.342327
0.315469
0.314804
0.341742
0.342036
0.351511
0.336086
0.320124
0.301945
0.289756
0.285101
0.293530
0.299183
0.297343
0.290520
0.265069
0.231001
0.200396
0.187101
0.192065
0.203179
0.209763
0.206330
0.190628
0.167884
0.142264
0.119674
0.104410
0.101307
0.097018
0.091972
0.087001
0.083843
0.081330
0.079272
0.077306
0.075169
0.075442
0.079746
0.083349
0.088681
0.092474
0.093875
0.092683
0.092880
0.093407
0.091216
0.086400
0.080275
0.072718
0.069510
0.067741
0.064180
0.062702
0.061671
0.060310
0.058668
0.056729
0.054469
0.051906
0.049119
0.046225
0.043375
0.040640
0.038079
0.035717
0.033552
0.032080
0.031497
0.030889
0.030266
0.029637
0.029010
0.028387
0.027769
0.027148
0.026518
0.025868
0.025195
0.024501
0.023792
0.023083
0.022386
0.021718
0.021086
0.020496
0.019947
0.019433
0.018948
0.018484
0.018038
