0.217005
0.216565
0.243125
0.262337
0.245000
0.247164
0.306038
0.378139
0.353177
0.346917
0.424862
0.417518
0.428697
0.458404
0.522468
0.521080
0.518173
0.471530
0.508406
0.538095
0.511650
0.460361
0.455020
0.417499
0.373003
0.416647
0.454850
0.442279
0.441025
0.435214
0.415090
0.413656
0.450157
0.472970
0.497474
0.504559
0.482534
0.451520
0.487471
0.505315
0.495313
0.450054
0.379492
0.361557
0.406905
0.432126
0.449356
0.449468
0.480406
0.482880
0.464966
0.433920
0.395618
0.352089
0.344142
0.363963
0.356195
0.376832
0.398654
0.404619
0.393181
0.364926
0.335570
0.305106
0.277760
0.262573
0.264861
0.264144
0.261269
0.255885
0.251182
0.258408
0.260233
0.256013
0.245305
0.229745
0.238738
0.257034
0.269702
0.273660
0.266302
0.248151
0.258263
0.268447
0.273696
0.277268
0.281708
0.286678
0.289740
0.288566
0.283973
0.277463
0.269170
0.260670
0.252588
0.249328
0.254346
0.256519
0.255016
0.250124
0.242849
0.233969
0.223475
0.211591
0.198534
0.184860
0.177254
0.178072
0.180278
0.182264
0.182902
0.181550
0.177966
0.172352
0.165224
0.157344
0.148982
0.142148
0.147945
0.153702
0.158770
