0.530771
0.535977
0.545023
0.573043
0.573167
0.661063
0.794688
0.701724
0.918551
1.090504
1.164181
1.465349
1.537373
1.561787
1.859043
1.822883
1.538431
1.574619
1.531730
1.151357
0.705573
0.672302
0.741721
0.855101
0.939988
0.972995
0.983484
0.982894
0.949702
0.956665
0.797228
0.631669
0.526482
0.527716
0.501005
0.475398
0.472268
0.478894
0.487094
0.519451
0.560811
0.574683
0.544421
0.543558
0.554190
0.527039
0.498592
0.471366
0.462739
0.451534
0.454822
0.457375
0.448373
0.420951
0.381005
0.348882
0.318575
0.287874
0.259503
0.236098
0.220818
0.233164
0.239661
0.239732
0.237207
0.237255
0.241166
0.244097
0.240089
0.240528
0.234415
0.221885
0.203893
0.183978
0.180734
0.170948
0.163783
0.156311
0.147074
0.137911
0.130040
0.126338
0.126373
0.124487
0.120425
0.114950
0.119925
0.124084
0.127728
0.131492
0.135826
0.140584
0.145124
0.148606
0.150621
0.155256
0.164001
0.170290
0.174010
0.175335
0.174701
0.172439
0.168649
0.163316
0.156554
0.148650
0.140051
0.131224
0.122551
0.119228
0.116585
0.113055
0.108668
0.103547
0.097956
0.092339
0.087200
0.082966
0.079924
0.078041
0.077059
