0.303288
0.305488
0.311268
0.346238
0.316856
0.347858
0.397551
0.488285
0.527928
0.472407
0.525516
0.677872
0.996094
1.389610
1.241140
1.076865
1.118398
0.957768
0.787701
0.642022
0.631402
0.637781
0.592284
0.522413
0.581362
0.613943
0.628108
0.672393
0.582144
0.511473
0.485808
0.451095
0.429339
0.455975
0.512670
0.556528
0.554063
0.579605
0.522074
0.468978
0.425699
0.387199
0.416428
0.419545
0.411891
0.420521
0.432905
0.397702
0.354701
0.307462
0.263499
0.240605
0.243206
0.257043
0.259281
0.246623
0.236609
0.258916
0.265919
0.259682
0.245792
0.233240
0.226066
0.227776
0.236114
0.243939
0.247704
0.243712
0.233253
0.226099
0.216842
0.203899
0.186840
0.189576
0.189252
0.185623
0.179234
0.170638
0.160138
0.153319
0.148251
0.141744
0.134541
0.127250
0.119970
0.112378
0.111990
0.113115
0.114643
0.115890
0.116508
0.115983
0.113643
0.109376
0.106314
0.102106
0.097804
0.094120
0.091177
0.089594
0.092206
0.094352
0.096140
0.097606
0.098738
0.099494
0.099842
0.099794
0.099433
0.098913
0.098417
0.098146
0.098209
0.098697
0.099617
0.100962
0.102728
0.104869
0.107303
0.109907
0.112539
