0.240362
0.277608
0.638270
0.788778
0.939976
0.722418
0.512790
0.760210
0.653810
0.343050
0.216271
0.230711
0.160206
0.140667
0.127290
0.122202
0.110573
0.092577
0.076399
0.074461
0.069834
0.058505
0.056583
0.044473
0.038621
0.035270
0.035388
0.036315
0.033585
0.028125
0.029922
0.028729
0.026954
0.024835
0.022544
0.023104
0.024730
0.024846
0.023884
0.022963
0.021483
0.020360
0.018611
0.017141
0.017569
0.017699
0.016807
0.016807
0.016807
0.016807
0.016807
0.016807
0.016807
0.016807
0.016807
0.016807
0.016807
0.016807
0.016807
0.016807
0.016807
0.016807
0.016807
0.016807
0.016807
0.016807
0.016807
0.016807
0.016807
0.017204
0.017536
0.017610
0.017936
0.018200
0.018202
0.017965
0.017681
0.017191
0.016807
0.016807
0.016807
0.016807
0.016807
0.016807
0.016807
0.016807
0.016807
0.016807
0.016834
0.017079
0.016995
0.016807
0.016807
0.016807
0.016807
0.016807
0.016807
0.016807
0.016807
0.016807
0.016807
0.016807
0.016807
0.016807
0.016807
0.016807
0.016807
0.016807
0.016807
0.016807
0.016807
0.016807
0.016807
0.016807
0.016807
0.016807
0.016807
0.016807
0.016807
0.016807
0.016807
