0.177091
0.188531
0.205824
0.254513
0.380808
0.510556
0.620523
0.540701
0.442341
0.474473
0.387498
0.324243
0.243154
0.206595
0.172249
0.138218
0.131551
0.122314
0.106457
0.089955
0.076081
0.074424
0.086533
0.093067
0.092641
0.090659
0.086717
0.085953
0.072053
0.072999
0.072461
0.067397
0.065380
0.062831
0.058692
0.056205
0.057170
0.054964
0.049351
0.044900
0.040632
0.038083
0.037879
0.037357
0.036300
0.034796
0.034226
0.033321
0.032382
0.031467
0.030624
0.030629
0.031076
0.032101
0.032769
0.032806
0.032218
0.031267
0.030891
0.030540
0.029988
0.029312
0.029366
0.029362
0.028689
0.027514
0.026245
0.025010
0.023805
0.022905
0.022392
0.021707
0.020972
0.020231
0.019463
0.018757
0.018306
0.018176
0.018190
0.018352
0.018439
0.018352
0.018173
0.017946
0.017600
0.017083
0.016397
0.015700
0.015237
0.014674
0.014076
0.013644
0.013329
0.012960
0.012487
0.011978
0.011708
0.011590
0.011523
0.011462
0.011375
0.011252
0.011103
0.010953
0.010820
0.010707
0.010610
0.010508
0.010375
0.010296
0.010154
0.009939
0.010102
0.010196
0.010130
0.009948
0.009685
0.009499
0.009306
0.009081
0.008822
