0.155921
0.159476
0.178725
0.205463
0.228940
0.379385
0.442296
0.532494
0.608496
0.387702
0.301768
0.333448
0.281498
0.259302
0.218993
0.200229
0.192405
0.231261
0.239044
0.219564
0.178418
0.132161
0.136958
0.128578
0.144780
0.156088
0.139196
0.133699
0.138772
0.134819
0.109576
0.104857
0.103465
0.093241
0.077936
0.070869
0.064340
0.062661
0.064234
0.062276
0.060155
0.063304
0.071713
0.080081
0.088988
0.099620
0.108145
0.115018
0.118885
0.116256
0.107924
0.095774
0.082255
0.070455
0.061734
0.055710
0.052384
0.049614
0.046879
0.045162
0.046946
0.046022
0.043285
0.040635
0.039676
0.040227
0.040782
0.040405
0.039383
0.038264
0.036998
0.035255
0.033036
0.030729
0.028542
0.029037
0.030488
0.031600
0.031792
0.031315
0.032493
0.033576
0.034791
0.036162
0.037461
0.038311
0.038384
0.037395
0.035227
0.032127
0.030275
0.029171
0.028073
0.027322
0.027050
0.026365
0.025503
0.024740
0.025338
0.025731
0.025881
0.025968
0.027186
0.028441
0.030083
0.031928
0.033351
0.034321
0.035155
0.035481
0.035237
0.034469
0.033248
0.031672
0.029816
0.027765
0.025856
0.024135
0.022864
0.022308
0.022182
