0.254833
0.257320
0.282950
0.401635
0.479471
0.668374
0.663853
1.022096
1.170698
0.969214
0.776551
0.677998
0.538066
0.486826
0.369738
0.342139
0.326637
0.261260
0.274001
0.260001
0.222508
0.211385
0.237186
0.260144
0.231744
0.237923
0.221107
0.193188
0.149382
0.126978
0.117538
0.107314
0.086611
0.078072
0.083304
0.087089
0.088270
0.085394
0.080426
0.077092
0.076115
0.076014
0.076083
0.078979
0.084713
0.089748
0.093108
0.095251
0.095641
0.093594
0.093497
0.094740
0.096102
0.098497
0.098703
0.096528
0.092300
0.086570
0.079808
0.072377
0.064979
0.064071
0.062927
0.061443
0.059770
0.057607
0.054980
0.051747
0.048567
0.046885
0.045140
0.043413
0.041696
0.039894
0.038017
0.036181
0.034508
0.033055
0.031806
0.030676
0.029601
0.029226
0.028813
0.027290
0.025743
0.024945
0.024250
0.023745
0.023253
0.022768
0.022295
0.021837
0.021402
0.020993
0.020611
0.020261
0.020063
0.020063
0.020380
0.020268
0.020087
0.019891
0.019727
0.019551
0.019298
0.018825
0.018556
0.017897
0.017640
0.018022
0.018545
0.018833
0.018809
0.018550
0.018130
0.017650
0.017187
0.016768
0.016713
0.016662
0.016571
