0.302286
0.307337
0.344890
0.401119
0.598172
0.810755
1.373913
1.565468
0.957757
0.754465
0.809109
1.075361
0.631248
0.611419
0.639236
0.712198
0.579553
0.345977
0.259828
0.255155
0.232803
0.200976
0.225647
0.258053
0.249334
0.239278
0.207240
0.185019
0.213574
0.229593
0.215002
0.202795
0.161486
0.130238
0.117442
0.103452
0.100043
0.090628
0.079060
0.070889
0.067209
0.064597
0.064632
0.069082
0.072470
0.075069
0.075757
0.071930
0.066165
0.067916
0.066742
0.064418
0.064859
0.065922
0.065826
0.064729
0.062634
0.059787
0.056466
0.056020
0.055265
0.054078
0.052712
0.051894
0.051085
0.050229
0.049191
0.048086
0.046949
0.045698
0.044234
0.042383
0.040170
0.037816
0.035565
0.033451
0.033421
0.033831
0.033758
0.033212
0.032326
0.031094
0.029531
0.027857
0.027276
0.026486
0.025508
0.024393
0.023225
0.022107
0.021115
0.020279
0.019584
0.018987
0.018439
0.017897
0.017338
0.016758
0.016164
0.015569
0.014981
0.014406
0.014829
0.015472
0.015968
0.016285
0.016431
0.016310
0.015944
0.015403
0.014875
0.014467
0.014065
0.013706
0.013405
0.013175
0.013021
0.012936
0.012891
0.012872
0.012899
