0.242344
0.254686
0.369639
0.676299
0.936552
1.003189
0.688709
0.792513
0.496912
0.346655
0.344916
0.366625
0.375408
0.398300
0.352198
0.385410
0.273234
0.270840
0.241739
0.190204
0.167389
0.159924
0.177637
0.200125
0.183367
0.189842
0.217169
0.239013
0.287987
0.341737
0.316984
0.252261
0.209233
0.200294
0.180580
0.188679
0.182300
0.158906
0.145811
0.147025
0.139320
0.134482
0.123434
0.108931
0.094714
0.084264
0.074115
0.062957
0.055098
0.053084
0.050554
0.047096
0.047059
0.046002
0.044833
0.043961
0.041567
0.039550
0.038686
0.036982
0.033895
0.032031
0.033125
0.033864
0.033675
0.032233
0.029724
0.028429
0.027561
0.026608
0.026622
0.025235
0.023742
0.023723
0.023570
0.023725
0.023568
0.023059
0.022486
0.021972
0.021432
0.020720
0.019761
0.018979
0.018273
0.018121
0.018037
0.018102
0.018243
0.018287
0.018089
0.017628
0.016998
0.016328
0.015708
0.015156
0.014641
0.014115
0.013685
0.013643
0.013394
0.012997
0.012523
0.012044
0.011606
0.011227
0.010892
0.010570
0.010239
0.009859
0.009398
0.009201
0.009267
0.009285
0.009230
0.009076
0.008813
0.008443
0.008038
0.007729
0.007359
