0.280013
0.290052
0.498280
0.598786
0.458225
0.513063
0.578883
0.504652
0.554069
0.589664
0.540734
0.628100
0.645064
0.892879
0.826341
0.713152
0.868393
0.884243
0.874703
0.733443
0.722479
0.710248
0.664979
0.575830
0.572403
0.578174
0.640378
0.637577
0.600631
0.565723
0.523947
0.544448
0.548416
0.521624
0.505396
0.528205
0.554862
0.565623
0.519553
0.453832
0.400109
0.338957
0.356934
0.363412
0.362215
0.352817
0.321035
0.270708
0.276025
0.287026
0.304348
0.314211
0.310809
0.316428
0.329682
0.347882
0.363022
0.365016
0.352196
0.331606
0.309791
0.288282
0.264997
0.259236
0.251566
0.243758
0.240555
0.240475
0.238079
0.233434
0.225770
0.216973
0.208306
0.211103
0.219669
0.226162
0.231530
0.236302
0.240612
0.244234
0.247217
0.248955
0.249322
0.250074
0.250512
0.250045
0.248053
0.244641
0.240469
0.235845
0.231102
0.233929
0.241631
0.248037
0.254080
0.257045
0.254804
0.247266
0.235434
0.220859
0.204087
0.195734
0.194021
0.194258
0.195539
0.196151
0.195062
0.190169
0.181691
0.189117
0.196522
0.203188
0.208181
0.212154
0.214197
0.214403
0.213938
0.212468
0.210696
0.209366
0.208902
