0.286505
0.326959
0.614202
1.183641
0.716220
0.661510
0.489144
0.327361
0.274095
0.180235
0.193822
0.185879
0.193343
0.159233
0.139374
0.135930
0.110686
0.110741
0.113034
0.117470
0.134287
0.130064
0.123473
0.104865
0.100281
0.112026
0.112586
0.104733
0.100676
0.101451
0.088542
0.078499
0.068770
0.077105
0.083536
0.084609
0.088021
0.088821
0.082637
0.073812
0.068466
0.065475
0.062843
0.061472
0.061397
0.061020
0.061274
0.058425
0.058797
0.057152
0.054260
0.050656
0.046806
0.041020
0.041005
0.039748
0.036918
0.035006
0.033533
0.033212
0.034404
0.035930
0.036484
0.035835
0.034185
0.031637
0.028722
0.026499
0.025701
0.026091
0.026738
0.026707
0.025529
0.023328
0.020672
0.018249
0.016904
0.017157
0.017033
0.017008
0.016889
0.016726
0.016620
0.016628
0.017059
0.017666
0.018281
0.018818
0.019208
0.019436
0.019557
0.019664
0.019828
0.020051
0.020254
0.020313
0.020122
0.019649
0.018965
0.018218
0.017581
0.017190
0.017100
0.017273
0.017594
0.017919
0.018112
0.018086
0.017816
0.018806
0.020047
0.021095
0.021862
0.022347
0.022507
0.022436
0.022510
0.022446
0.022645
0.022825
0.022997
