0.350072
0.385952
0.633231
1.359005
1.009871
1.014817
1.162508
1.001195
0.625008
0.587657
0.500062
0.523787
0.425200
0.383483
0.310592
0.268918
0.261905
0.321824
0.376499
0.399731
0.360519
0.331091
0.285509
0.222359
0.195054
0.186127
0.181359
0.166708
0.140333
0.123076
0.128613
0.129374
0.139301
0.132711
0.118656
0.118811
0.128873
0.142685
0.149254
0.140809
0.124678
0.113754
0.106376
0.102036
0.111265
0.120008
0.126299
0.129620
0.125847
0.116959
0.109101
0.105683
0.107501
0.111510
0.115638
0.119496
0.123984
0.129449
0.132812
0.133772
0.130747
0.122592
0.114077
0.111775
0.104000
0.094856
0.086878
0.077190
0.066202
0.060886
0.054628
0.048690
0.046431
0.047112
0.048421
0.049333
0.049874
0.049843
0.049073
0.047519
0.045341
0.043677
0.043046
0.042466
0.041986
0.041626
0.041570
0.042157
0.042727
0.042741
0.042553
0.041615
0.040081
0.038561
0.037357
0.036503
0.035801
0.036279
0.037938
0.039050
0.040006
0.040432
0.041167
0.041304
0.041086
0.040679
0.040443
0.040509
0.040373
0.040228
0.041295
0.042905
0.044378
0.045648
0.046729
0.047715
0.048719
0.049860
0.051230
0.052865
0.054730
