0.044790
0.047084
0.059093
0.083425
0.067345
0.065618
0.073941
0.073220
0.092204
0.098873
0.095809
0.097685
0.070416
0.073511
0.065798
0.066016
0.086714
0.108622
0.114272
0.099983
0.104197
0.102495
0.100310
0.117789
0.139207
0.153052
0.154464
0.147357
0.134517
0.117821
0.098651
0.080905
0.077728
0.073874
0.069576
0.065126
0.062311
0.068351
0.072995
0.076087
0.077822
0.078495
0.078200
0.077322
0.076260
0.075077
0.073659
0.072026
0.070189
0.068136
0.066160
0.064212
0.062718
0.060775
0.058349
0.055660
0.052778
0.049750
0.046618
0.043438
0.040262
0.037614
0.036375
0.035095
0.033783
0.032467
0.031140
0.029821
0.028543
0.027290
0.026076
0.024865
0.023671
0.022486
0.021321
0.020196
0.019101
0.018050
0.017040
0.016064
0.015131
0.014811
0.014578
0.014341
0.014101
0.013857
0.013606
0.013352
0.013088
0.012822
0.012922
0.013121
0.013281
0.013410
0.013519
0.013613
0.013696
0.013766
0.013819
0.013857
0.013879
0.013879
0.013849
0.013782
0.013680
0.013542
0.013383
0.013244
0.013092
0.012924
0.012758
0.012730
0.012677
0.012597
0.012491
0.012363
0.012242
0.012366
0.012446
0.012436
0.012349
