0.218670
0.233916
0.256294
0.415601
0.676731
0.769411
0.562871
0.533183
0.470315
0.293347
0.270825
0.199612
0.186755
0.176919
0.164146
0.223478
0.206941
0.198942
0.176594
0.165543
0.128090
0.116743
0.086512
0.070743
0.076578
0.082642
0.077411
0.067550
0.060059
0.061237
0.057548
0.060787
0.059247
0.055445
0.054186
0.049336
0.045737
0.042174
0.037234
0.037713
0.036954
0.034353
0.032353
0.031846
0.032171
0.035918
0.040098
0.041379
0.039744
0.036518
0.033781
0.031524
0.028751
0.030014
0.030685
0.030235
0.031766
0.031677
0.029583
0.027130
0.024614
0.023444
0.021833
0.021050
0.019969
0.019795
0.019795
0.019795
0.019795
0.019795
0.019795
0.019795
0.019795
0.019795
0.019795
0.019795
0.019795
0.019795
0.019795
0.019795
0.019795
0.019795
0.019795
0.019795
0.019795
0.019795
0.019795
0.019795
0.019795
0.019795
0.019795
0.019795
0.019795
0.019795
0.019795
0.019795
0.019795
0.019795
0.019795
0.019795
0.019795
0.019795
0.019795
0.019795
0.019795
0.019795
0.019795
0.019795
0.019795
0.019795
0.019795
0.019795
0.019795
0.019795
0.019795
0.019795
0.019795
0.019795
0.019795
0.019795
0.019795
