0.222006
0.245056
0.275099
0.452317
0.891972
0.962625
0.582075
0.450689
0.399289
0.298802
0.204232
0.189341
0.179371
0.170746
0.196184
0.170716
0.150809
0.153290
0.171625
0.134343
0.099187
0.095097
0.080690
0.075692
0.068631
0.067457
0.083341
0.078394
0.078194
0.072692
0.066263
0.052942
0.048885
0.047488
0.045566
0.045886
0.047759
0.046502
0.042036
0.047394
0.049958
0.050350
0.052971
0.055322
0.055620
0.054528
0.051936
0.046440
0.042097
0.042333
0.040962
0.040799
0.041690
0.041888
0.042157
0.041604
0.037788
0.037623
0.036275
0.033830
0.031398
0.029344
0.029903
0.030314
0.031350
0.033016
0.034759
0.035965
0.036434
0.036153
0.035160
0.034422
0.033075
0.031094
0.029756
0.028509
0.028139
0.028139
0.028139
0.028139
0.028139
0.028139
0.028139
0.028139
0.028139
0.028139
0.028139
0.028139
0.028139
0.028139
0.028139
0.028139
0.028139
0.028139
0.028139
0.028139
0.028139
0.028139
0.028139
0.028139
0.028139
0.028139
0.028139
0.028139
0.028139
0.028139
0.028139
0.028139
0.028139
0.028139
0.028139
0.028139
0.028139
0.028139
0.028139
0.028139
0.028139
0.028139
0.028139
0.028139
0.028139
