0.144507
0.157246
0.264697
0.303900
0.354714
0.397405
0.344753
0.303917
0.182106
0.162991
0.168499
0.103703
0.079458
0.068914
0.082160
0.079076
0.072093
0.076954
0.071984
0.071235
0.060342
0.054391
0.054177
0.047259
0.045259
0.048077
0.043529
0.039725
0.037231
0.037965
0.043334
0.045362
0.046440
0.050437
0.051197
0.045049
0.039265
0.040084
0.038420
0.035128
0.033306
0.031904
0.029839
0.027892
0.026971
0.027840
0.029166
0.029185
0.029696
0.029579
0.027689
0.026248
0.026542
0.027407
0.028483
0.029703
0.030924
0.030536
0.027865
0.025461
0.027502
0.027893
0.027150
0.025890
0.024910
0.024232
0.023780
0.023919
0.023702
0.023274
0.022426
0.022237
0.022091
0.021565
0.020948
0.020033
0.018665
0.018665
0.018665
0.018665
0.018665
0.018665
0.018665
0.019719
0.021586
0.022861
0.023277
0.023065
0.022121
0.020651
0.019499
0.018665
0.018665
0.018665
0.018665
0.018665
0.018665
0.018665
0.018665
0.018665
0.018665
0.018665
0.018665
0.018665
0.018665
0.018665
0.018665
0.018665
0.018665
0.018665
0.018665
0.018665
0.018665
0.018665
0.018665
0.018665
0.018665
0.018665
0.018665
0.018665
0.018665
