0.008720
0.008751
0.008932
0.008795
0.009476
0.009643
0.012188
0.012817
0.013972
0.012711
0.010625
0.013457
0.013536
0.014554
0.014572
0.012793
0.012151
0.012046
0.014286
0.015821
0.012835
0.010874
0.011900
0.011459
0.011708
0.012306
0.012120
0.012247
0.012141
0.012815
0.013627
0.014450
0.015533
0.016877
0.018707
0.021078
0.023295
0.025095
0.026995
0.028693
0.029762
0.030408
0.030860
0.031290
0.031811
0.032248
0.032181
0.031399
0.029992
0.028331
0.026817
0.025681
0.024865
0.024142
0.023305
0.022278
0.021088
0.019851
0.018650
0.017529
0.016477
0.015460
0.014446
0.013575
0.013291
0.012965
0.012581
0.012133
0.011623
0.011066
0.010487
0.009910
0.009349
0.008810
0.008364
0.008106
0.007868
0.007656
0.007474
0.007321
0.007187
0.007067
0.006958
0.006852
0.006748
0.006635
0.006506
0.006350
0.006171
0.005969
0.005755
0.005533
0.005310
0.005092
0.004881
0.004683
0.004504
0.004349
0.004222
0.004128
0.004064
0.004028
0.004016
0.004021
0.004041
0.004071
0.004108
0.004149
0.004191
0.004234
0.004276
0.004313
0.004345
0.004370
0.004387
0.004395
0.004391
0.004376
0.004347
0.004305
0.004249
