0.017724
0.017793
0.018013
0.017788
0.017855
0.020536
0.020948
0.022152
0.019908
0.020720
0.018842
0.019578
0.019481
0.021849
0.023226
0.021544
0.020255
0.021388
0.020218
0.021203
0.025266
0.027842
0.029396
0.028309
0.029320
0.029838
0.029106
0.028702
0.029779
0.031550
0.035203
0.040015
0.041669
0.047772
0.049619
0.049630
0.052492
0.054183
0.050822
0.045328
0.042710
0.048111
0.050302
0.048082
0.044017
0.040089
0.039611
0.039928
0.043313
0.045082
0.048677
0.053788
0.058026
0.059489
0.060222
0.059419
0.057577
0.055990
0.054252
0.051523
0.048553
0.050441
0.053529
0.056354
0.059192
0.062592
0.066560
0.072322
0.076120
0.079096
0.080751
0.081906
0.082628
0.081597
0.079985
0.076777
0.072163
0.066360
0.059738
0.053159
0.048386
0.047387
0.046099
0.044738
0.045113
0.047363
0.049741
0.051852
0.053341
0.054039
0.053944
0.053140
0.051666
0.050548
0.049132
0.047126
0.046598
0.047433
0.047439
0.046729
0.045442
0.043731
0.042339
0.041082
0.039727
0.038433
0.037322
0.036428
0.035718
0.035112
0.034522
0.033918
0.033341
0.032912
0.032760
0.032960
0.033469
0.034164
0.034894
0.035533
0.036013
