0.407776
0.416231
0.426858
0.511658
0.590263
0.611082
1.090014
0.924601
1.002769
0.936612
0.880490
0.887688
0.912389
0.840484
0.990174
0.942286
0.843115
0.974575
1.116126
1.085342
1.054462
0.868291
0.821548
0.940094
0.953570
0.934970
0.836769
0.827315
0.933550
0.920901
0.950443
0.988381
1.027678
1.086793
1.026471
1.012858
0.999730
0.894598
0.749246
0.702776
0.668065
0.649022
0.620225
0.664061
0.647879
0.678721
0.704147
0.677178
0.604225
0.560706
0.562853
0.550383
0.511262
0.483505
0.480082
0.488787
0.525237
0.560813
0.565780
0.530964
0.504688
0.497999
0.479039
0.455824
0.444148
0.433941
0.428193
0.419862
0.401092
0.370761
0.364554
0.379792
0.377661
0.364511
0.345211
0.322819
0.318928
0.317740
0.314055
0.304175
0.288615
0.276086
0.264666
0.253470
0.245235
0.240846
0.238730
0.236369
0.231889
0.224290
0.213359
0.205918
0.215138
0.224617
0.233504
0.241185
0.246916
0.249904
0.249350
0.244670
0.235725
0.222960
0.207401
0.190274
0.172953
0.156334
0.150898
0.149957
0.149284
0.148149
0.146178
0.142900
0.146845
0.151208
0.156058
0.161096
0.165580
0.168765
0.170352
0.170506
0.169682
