0.457008
0.465718
0.453593
0.511485
0.922239
0.838608
1.743585
1.305262
1.417322
1.384485
1.537910
0.798374
0.570823
0.531912
0.673894
0.672115
0.578316
0.709673
0.584942
0.523299
0.559091
0.608347
0.614843
0.687989
0.638429
0.631436
0.683351
0.604740
0.541568
0.503260
0.473683
0.467245
0.463700
0.438851
0.397901
0.388862
0.418034
0.411916
0.447055
0.446960
0.394801
0.339940
0.314730
0.311800
0.285062
0.277237
0.289915
0.305841
0.308934
0.302417
0.284746
0.272655
0.263401
0.259369
0.278845
0.302215
0.323171
0.340931
0.348538
0.345146
0.338188
0.341591
0.355957
0.369547
0.375253
0.366228
0.343972
0.316084
0.286994
0.267206
0.259624
0.262593
0.267931
0.269281
0.269046
0.264884
0.256066
0.245219
0.233765
0.222989
0.213048
0.211595
0.209807
0.205783
0.198401
0.187817
0.176333
0.170221
0.162992
0.156372
0.151833
0.150052
0.150860
0.153402
0.156469
0.159055
0.160410
0.160332
0.158824
0.156019
0.152112
0.147264
0.141617
0.135380
0.128830
0.122059
0.115296
0.108869
0.103051
0.098105
0.094185
0.096060
0.100113
0.103881
0.107277
0.110227
0.112609
0.114281
0.115064
0.114813
0.113528
