0.201548
0.212602
0.238529
0.460944
0.747934
0.694101
0.641200
0.513615
0.450243
0.375510
0.377187
0.392272
0.415970
0.324230
0.228447
0.224178
0.218121
0.233035
0.249109
0.242979
0.192693
0.141171
0.145395
0.134683
0.147479
0.129300
0.118306
0.124278
0.128083
0.121516
0.126716
0.136707
0.143434
0.135758
0.125972
0.120434
0.116897
0.116100
0.116930
0.116812
0.110668
0.103502
0.108155
0.105630
0.101462
0.101688
0.099799
0.102552
0.104296
0.105436
0.103434
0.099139
0.094602
0.091872
0.102218
0.109257
0.111179
0.109136
0.106270
0.109749
0.107573
0.105635
0.110551
0.113993
0.117253
0.117513
0.115919
0.114880
0.109070
0.106032
0.104449
0.106797
0.112599
0.121113
0.125959
0.125665
0.120369
0.112147
0.102732
0.096452
0.093073
0.088933
0.084532
0.080135
0.075267
0.073068
0.073498
0.073056
0.071645
0.072514
0.072051
0.070690
0.068737
0.066683
0.064599
0.063274
0.062496
0.061268
0.059552
0.057316
0.054777
0.051908
0.048618
0.045007
0.043801
0.044579
0.045213
0.045639
0.045787
0.045612
0.045157
0.044406
0.043409
0.042130
0.040589
0.039029
0.038412
0.037943
0.037984
0.037860
0.037382
