4.626774
5.106611
4.776827
6.512748
8.809789
10.242830
12.106327
8.985226
12.221074
14.753881
18.999163
19.384967
14.536720
15.668881
15.619324
11.631173
8.899791
8.632009
9.245137
9.004953
9.271308
8.315865
6.757211
6.101903
5.397911
5.531978
5.894000
5.420861
4.731855
4.911418
4.456070
4.023701
3.702508
3.417051
3.252997
3.143008
3.124855
3.400916
3.487213
3.432906
3.219919
2.730261
2.267758
1.925133
1.743689
1.585961
1.618895
1.775572
1.877313
1.917087
1.894446
1.862713
1.685755
1.461087
1.433268
1.383611
1.325318
1.264807
1.209147
1.249036
1.284593
1.267149
1.187550
1.172433
1.194158
1.198728
1.195688
1.190275
1.184213
1.172915
1.141237
1.132928
1.185803
1.221961
1.235361
1.229712
1.219166
1.237629
1.240305
1.210455
1.153600
1.082460
1.008440
0.937843
0.871686
0.818027
0.828161
0.827982
0.833594
0.884020
0.930244
0.969219
0.995426
1.028619
1.078430
1.109444
1.125325
1.130968
1.130373
1.138768
1.177597
1.187876
1.177871
1.143230
1.133004
1.121484
1.090885
1.051389
1.010820
0.973151
0.936558
0.901405
0.892845
0.899521
0.909471
0.917899
0.920778
0.915492
0.902319
0.926461
0.963966
