4.727323
5.496171
5.115485
5.116451
8.336040
7.089509
9.086454
11.861097
13.807489
10.709963
12.744246
14.677149
16.198366
17.294870
15.873020
13.514188
13.583094
12.444488
13.560440
11.314357
9.197182
7.009603
6.434048
7.045480
7.213332
5.904256
5.608790
6.308136
7.165120
7.058375
6.926172
6.778388
5.722927
4.783526
4.225867
4.052898
4.254164
4.436476
4.508978
4.061108
3.585686
3.159613
2.764891
2.359246
2.155830
2.087645
2.353893
2.446125
2.593371
2.651797
2.603381
2.449427
2.237178
1.994998
1.807839
1.675849
1.487398
1.456375
1.519624
1.566594
1.528048
1.437991
1.469818
1.482888
1.439529
1.351448
1.240860
1.207578
1.249995
1.284736
1.317109
1.349667
1.362121
1.332193
1.358502
1.416655
1.429624
1.407178
1.359732
1.289422
1.277958
1.322661
1.330559
1.292990
1.215011
1.113742
1.007613
0.942068
0.947807
0.935104
0.913425
0.903610
0.893770
0.889272
0.892585
0.900576
0.909560
0.916648
0.924437
0.935943
0.952184
0.969639
0.983267
1.001272
1.008326
0.998983
0.974929
0.941342
0.915751
0.900175
0.892819
0.890844
0.894208
0.899935
0.901295
0.967789
1.025019
1.070754
1.106300
1.134982
1.149156
