0.538871
0.550094
0.607223
0.644837
0.760279
0.925592
0.946496
0.961263
1.189842
1.425227
1.768168
1.317238
1.035237
0.969192
0.828469
0.736672
0.837061
1.093755
1.238216
1.033170
0.748841
0.586191
0.536549
0.536516
0.544631
0.614440
0.643808
0.615732
0.524880
0.408467
0.333667
0.328999
0.337314
0.351889
0.365676
0.364376
0.347664
0.318351
0.276661
0.230014
0.189475
0.158366
0.148099
0.144356
0.137926
0.125884
0.110207
0.105078
0.111348
0.114976
0.114316
0.112408
0.113913
0.118029
0.121170
0.121449
0.119412
0.114660
0.105980
0.096970
0.097781
0.098070
0.098242
0.099088
0.098134
0.099349
0.103604
0.107448
0.111118
0.115145
0.117533
0.118159
0.117184
0.114913
0.111681
0.108126
0.105215
0.105390
0.115246
0.124110
0.131493
0.137121
0.140983
0.143398
0.145401
0.148906
0.151159
0.152237
0.152742
0.152117
0.150272
0.147168
0.145740
0.144888
0.143121
0.140278
0.136440
0.131742
0.126376
0.120568
0.115774
0.112199
0.108922
0.105732
0.102426
0.098948
0.095785
0.092935
0.089858
0.086506
0.082950
0.079166
0.075402
0.072785
0.070029
0.067169
0.065415
0.063995
0.062540
0.061053
0.059537
