0.264794
0.270929
0.304567
0.421963
0.696196
0.742005
0.626136
0.523487
0.558426
0.815062
0.728887
0.990076
0.682389
0.439600
0.343394
0.380690
0.378129
0.372695
0.351939
0.340119
0.314736
0.353389
0.357476
0.398322
0.426856
0.424843
0.470513
0.462953
0.427850
0.392389
0.348300
0.308608
0.272964
0.246110
0.236160
0.223098
0.203714
0.169480
0.153610
0.140716
0.135664
0.123712
0.106896
0.101891
0.097041
0.092461
0.086911
0.077393
0.064980
0.062953
0.059562
0.058328
0.060043
0.062926
0.064056
0.065072
0.067311
0.068967
0.069704
0.068979
0.066509
0.068582
0.072401
0.074521
0.081305
0.084872
0.088198
0.092802
0.095411
0.097740
0.098290
0.097155
0.094733
0.091537
0.087261
0.082008
0.076180
0.071751
0.067552
0.063499
0.059828
0.056602
0.053777
0.051271
0.049010
0.046965
0.045157
0.043634
0.042444
0.041616
0.041152
0.041032
0.041206
0.041600
0.043208
0.044809
0.046147
0.046987
0.047142
0.046530
0.045680
0.045525
0.044733
0.043640
0.042119
0.040111
0.037697
0.035875
0.035325
0.034760
0.034156
0.033486
0.032746
0.031891
0.030924
0.029850
0.028660
0.027392
0.026053
0.024677
0.023932
