0.772258
0.777191
0.970463
1.504997
1.159651
1.601911
1.461120
1.526219
1.932271
2.061137
2.932086
2.869548
2.219691
2.258950
2.544437
3.444999
3.223795
2.352144
2.195842
1.838491
1.687735
1.696807
1.350362
1.047602
0.903901
0.657696
0.573466
0.567145
0.645246
0.707151
0.718889
0.710030
0.712984
0.631270
0.490230
0.471043
0.485902
0.435745
0.397955
0.410044
0.391647
0.382977
0.377751
0.354325
0.316462
0.282187
0.284871
0.281614
0.273877
0.263323
0.261773
0.259159
0.247013
0.225683
0.207546
0.193472
0.181858
0.178735
0.174745
0.171839
0.170911
0.171933
0.174109
0.176691
0.179061
0.183923
0.189138
0.193278
0.195603
0.195922
0.194612
0.191701
0.187854
0.183971
0.182918
0.186126
0.189098
0.191455
0.193129
0.193774
0.193365
0.192047
0.190073
0.188366
0.186458
0.184241
0.181908
0.179485
0.176825
0.173895
0.171313
0.171661
0.171272
0.170265
0.168653
0.166418
0.163519
0.159979
0.160879
0.161363
0.161432
0.160948
0.160073
0.158673
0.156851
0.154650
0.152053
0.149213
0.146154
0.142904
0.139563
0.136215
0.132845
0.129755
0.127250
0.124737
0.122237
0.119761
0.117341
0.114990
0.112666
