0.269466
0.292591
0.360820
0.504979
0.966438
1.368550
0.932176
0.556820
0.378549
0.303682
0.240929
0.229989
0.306649
0.317290
0.259171
0.203298
0.185903
0.179292
0.176682
0.169670
0.181559
0.170418
0.148810
0.132316
0.112003
0.110365
0.108351
0.097294
0.085863
0.075726
0.064886
0.055301
0.052179
0.053967
0.052327
0.047226
0.046932
0.046533
0.041047
0.040416
0.039234
0.037608
0.034878
0.039809
0.046714
0.049027
0.049745
0.045359
0.042167
0.039689
0.036254
0.035787
0.033873
0.031988
0.029850
0.027373
0.027175
0.029803
0.030670
0.030173
0.029023
0.028181
0.028192
0.028955
0.029963
0.030545
0.030258
0.029225
0.028368
0.027011
0.025310
0.023546
0.022382
0.021804
0.021242
0.020700
0.020109
0.019303
0.018100
0.016688
0.015045
0.014442
0.013787
0.013091
0.012627
0.011788
0.011312
0.011633
0.011648
0.011502
0.011529
0.011371
0.011292
0.011135
0.010952
0.010972
0.010907
0.010623
0.010174
0.009676
0.009239
0.009357
0.009378
0.009312
0.009170
0.008956
0.008790
0.008818
0.009055
0.009268
0.009443
0.009569
0.009642
0.009664
0.009641
0.009589
0.009509
0.009411
0.009303
0.009187
0.009064
