0.395148
0.437250
0.536208
0.922931
1.153022
1.190996
0.710427
0.524696
0.441511
0.317655
0.285618
0.287604
0.338955
0.335608
0.279532
0.214548
0.192874
0.195014
0.205626
0.222505
0.241543
0.248224
0.244285
0.244965
0.247563
0.246585
0.235303
0.222394
0.212013
0.202940
0.193868
0.182549
0.170688
0.158007
0.145172
0.135675
0.127092
0.118210
0.108980
0.100668
0.093011
0.088938
0.084977
0.080810
0.076511
0.072724
0.071558
0.071889
0.068956
0.065108
0.062799
0.060826
0.058691
0.056200
0.053509
0.050791
0.047956
0.045094
0.042611
0.040839
0.039507
0.038155
0.036745
0.035539
0.034717
0.034287
0.034090
0.033857
0.033440
0.032968
0.032648
0.032517
0.032458
0.032413
0.032440
0.032598
0.032862
0.033155
0.033435
0.033738
0.034097
0.034454
0.034800
0.035105
0.035313
0.035379
0.035238
0.034863
0.034292
0.033603
0.032864
0.032125
0.031372
0.030561
0.029667
0.028690
0.027658
0.026612
0.025590
0.024608
0.023666
0.022751
0.021854
0.020973
0.020119
0.019309
0.018558
0.017880
0.017277
0.016747
0.016284
0.015881
0.015614
0.015963
0.016145
0.016150
0.015974
0.015643
0.015141
0.014808
0.014608
