0.520815
0.573944
0.815262
1.533533
2.002540
1.086534
0.793735
0.523026
0.346083
0.203768
0.150040
0.122789
0.139658
0.137178
0.132190
0.144633
0.107858
0.095168
0.100382
0.109058
0.096210
0.091768
0.091021
0.086120
0.081479
0.076494
0.064845
0.058378
0.052549
0.050318
0.047912
0.046835
0.045716
0.042858
0.040482
0.040920
0.042470
0.041744
0.038233
0.033318
0.028474
0.025113
0.024009
0.024623
0.025193
0.024168
0.022582
0.021785
0.021719
0.021700
0.021839
0.022186
0.022311
0.022552
0.023253
0.023788
0.023657
0.022706
0.020609
0.018773
0.018773
0.018773
0.018773
0.018773
0.018773
0.018773
0.018773
0.018773
0.018773
0.018773
0.018773
0.018773
0.018773
0.018773
0.018773
0.018773
0.018773
0.018965
0.018836
0.018773
0.018773
0.018773
0.018773
0.018773
0.018773
0.018773
0.018773
0.018773
0.018773
0.018773
0.018773
0.018773
0.018773
0.018773
0.018773
0.018773
0.018773
0.018773
0.018773
0.018773
0.018773
0.018773
0.018773
0.018773
0.018773
0.018773
0.018773
0.018773
0.018773
0.018773
0.018773
0.018773
0.018773
0.018773
0.018773
0.018773
0.018773
0.018773
0.018773
0.018773
0.018773
