0.416577
0.456801
0.718112
0.855731
1.302294
1.384984
1.578165
1.430487
0.886918
0.842576
1.058407
1.054300
0.710150
0.581580
0.584117
0.550920
0.600577
0.659188
0.711118
0.812403
0.839541
0.830239
0.740782
0.655871
0.549916
0.457304
0.400533
0.443559
0.435360
0.453601
0.509846
0.483000
0.412945
0.387683
0.385668
0.443976
0.474324
0.445604
0.386538
0.357872
0.328224
0.294372
0.256141
0.273000
0.277069
0.269589
0.263654
0.269561
0.285531
0.302749
0.316070
0.323046
0.325840
0.319049
0.302618
0.277755
0.248593
0.220373
0.196024
0.188261
0.179063
0.166881
0.157996
0.168596
0.178117
0.184477
0.189644
0.195280
0.207458
0.221712
0.227818
0.230620
0.232561
0.233214
0.234954
0.232914
0.228414
0.223680
0.216690
0.207367
0.195510
0.181043
0.164552
0.147388
0.134897
0.132138
0.127491
0.122030
0.118704
0.121553
0.124703
0.128001
0.131101
0.133800
0.136249
0.138555
0.140817
0.143824
0.148075
0.153611
0.159178
0.164272
0.168765
0.173558
0.179163
0.184084
0.188217
0.191399
0.193516
0.196865
0.198727
0.200911
0.202738
0.202942
0.201368
0.197923
0.192773
0.187749
0.181582
0.174601
0.170156
