0.456976
0.459470
0.589279
0.753896
1.240746
1.571201
1.531067
1.092489
0.918512
0.874790
1.121235
1.233354
1.008998
0.952744
0.834164
0.818418
0.889949
0.830369
0.877767
1.022217
1.006188
0.864640
0.638561
0.518950
0.531879
0.556479
0.511798
0.490818
0.440687
0.400099
0.430856
0.497493
0.497845
0.492285
0.505891
0.548722
0.578868
0.554968
0.498868
0.438777
0.393117
0.382633
0.403134
0.416543
0.402085
0.377122
0.361467
0.327170
0.279225
0.258983
0.255627
0.243104
0.247693
0.252338
0.254733
0.258495
0.257959
0.248043
0.236746
0.232470
0.235739
0.238072
0.235140
0.233331
0.238888
0.249071
0.256011
0.264162
0.280142
0.283621
0.277190
0.265022
0.248217
0.229650
0.230865
0.232959
0.227571
0.213624
0.195050
0.175367
0.164549
0.166722
0.175636
0.182133
0.185284
0.184929
0.182374
0.179446
0.177074
0.175220
0.173209
0.170394
0.166240
0.168580
0.175507
0.181990
0.187657
0.192223
0.195376
0.197042
0.197793
0.197723
0.196037
0.192808
0.188413
0.185386
0.189065
0.189592
0.187925
0.184933
0.180753
0.175862
0.175743
0.176238
0.177511
0.179574
0.182281
0.185030
0.187246
0.190827
0.199098
