0.261639
0.291090
0.447495
1.322163
0.851710
0.511239
0.516713
0.349322
0.290482
0.316415
0.390481
0.331529
0.369472
0.379223
0.312458
0.345145
0.318585
0.326794
0.352341
0.319786
0.317344
0.360122
0.368206
0.329114
0.312646
0.257169
0.246498
0.265506
0.288128
0.317395
0.325528
0.326351
0.297723
0.257839
0.212945
0.186851
0.160422
0.156136
0.160733
0.151879
0.144221
0.138186
0.127536
0.120795
0.115777
0.109056
0.108772
0.113258
0.114030
0.106676
0.108221
0.111779
0.111558
0.112592
0.114789
0.116724
0.118852
0.121437
0.122503
0.120227
0.114091
0.104706
0.093278
0.081337
0.082115
0.082244
0.081458
0.080721
0.081299
0.082746
0.082837
0.080402
0.082139
0.079635
0.074133
0.068542
0.070410
0.071859
0.072044
0.071035
0.069309
0.067516
0.066262
0.065714
0.065921
0.066844
0.068054
0.068880
0.068786
0.067496
0.066309
0.069421
0.072132
0.073726
0.074445
0.074512
0.073879
0.072324
0.069666
0.065911
0.061309
0.056160
0.057829
0.060767
0.063295
0.065561
0.066964
0.067378
0.067421
0.066345
0.064632
0.063309
0.064324
0.064823
0.064579
0.063727
0.063280
0.066040
0.067876
0.068700
0.068480
