0.264079
0.297554
0.362014
0.429016
0.545124
0.645447
1.149471
0.851509
0.439232
0.348789
0.255563
0.291244
0.227919
0.205298
0.198096
0.174337
0.190889
0.207358
0.202865
0.200064
0.184845
0.169817
0.145929
0.149041
0.132403
0.119123
0.121225
0.134264
0.120128
0.129499
0.146972
0.148794
0.139590
0.130547
0.127768
0.119828
0.103929
0.089762
0.088018
0.094720
0.098746
0.094137
0.087089
0.082524
0.076084
0.065145
0.053458
0.044519
0.040373
0.037441
0.035939
0.036158
0.036312
0.036290
0.035793
0.034553
0.032608
0.030249
0.027670
0.027084
0.026037
0.024648
0.023434
0.022219
0.021838
0.021854
0.022418
0.022688
0.022625
0.023258
0.024475
0.025129
0.025350
0.025500
0.025671
0.025792
0.025588
0.025269
0.024873
0.024088
0.024096
0.023862
0.023353
0.022536
0.022442
0.022291
0.021872
0.021238
0.020470
0.019678
0.018965
0.018424
0.018083
0.017907
0.017774
0.017545
0.017439
0.017148
0.017467
0.017441
0.016944
0.016097
0.015026
0.014416
0.014301
0.014125
0.013943
0.013751
0.013553
0.013363
0.013214
0.013118
0.013095
0.013426
0.013788
0.014132
0.014375
0.014470
0.014376
0.014097
0.013652
