0.193628
0.193848
0.219306
0.285713
0.375762
0.728012
0.755769
0.508113
0.349025
0.350531
0.312297
0.261240
0.187270
0.132309
0.150736
0.134345
0.164943
0.180788
0.179965
0.174278
0.171381
0.176230
0.177306
0.176879
0.183938
0.179947
0.179501
0.183587
0.180187
0.166979
0.150847
0.136929
0.125111
0.113618
0.103392
0.098722
0.094630
0.089998
0.083910
0.076795
0.069396
0.062807
0.057411
0.064109
0.066997
0.065151
0.059764
0.060063
0.057645
0.052777
0.046451
0.039496
0.034918
0.033192
0.031455
0.030048
0.028884
0.027683
0.026392
0.025552
0.024286
0.022572
0.023251
0.024314
0.024713
0.024692
0.024324
0.023547
0.022505
0.021467
0.020760
0.020345
0.020054
0.019692
0.019290
0.018969
0.018805
0.018761
0.018730
0.018603
0.018307
0.017783
0.017043
0.016208
0.015331
0.014408
0.014180
0.014340
0.014531
0.014483
0.014335
0.014195
0.014002
0.013730
0.013368
0.013364
0.013232
0.013035
0.012860
0.012732
0.012639
0.012521
0.012307
0.011956
0.011674
0.011254
0.010754
0.010240
0.009765
0.009356
0.009019
0.008737
0.008491
0.008313
0.008340
0.008622
0.008937
0.009296
0.009635
0.009880
0.010080
