0.163948
0.167881
0.287192
0.339836
0.511897
0.538603
0.392358
0.253015
0.171737
0.107200
0.110095
0.098033
0.126551
0.108572
0.082111
0.053680
0.043573
0.050349
0.055667
0.048209
0.043981
0.047911
0.044036
0.042735
0.045673
0.044119
0.036525
0.032531
0.027643
0.026472
0.024784
0.027669
0.024205
0.024495
0.023381
0.022771
0.021902
0.020465
0.017823
0.016346
0.015906
0.016994
0.018273
0.017076
0.017035
0.017368
0.018411
0.017571
0.016507
0.015228
0.013785
0.014182
0.015053
0.015184
0.016010
0.016042
0.015782
0.015519
0.014734
0.013744
0.014574
0.015828
0.016441
0.016676
0.016737
0.016421
0.015606
0.014398
0.013113
0.012749
0.013604
0.014098
0.014174
0.014257
0.013992
0.013517
0.013154
0.012824
0.012640
0.012622
0.012875
0.013335
0.013908
0.014465
0.014815
0.015046
0.015000
0.014758
0.014177
0.013489
0.012811
0.012414
0.012045
0.011587
0.011077
0.010767
0.010367
0.009935
0.009538
0.009233
0.009045
0.008955
0.008916
0.008889
0.008849
0.008694
0.008413
0.008037
0.008083
0.008257
0.008399
0.008540
0.008646
0.008726
0.008835
0.008823
0.008651
0.008433
0.008338
0.008175
0.008006
