0.054429
0.075830
0.117539
0.113673
0.245923
0.202976
0.110148
0.090332
0.069430
0.056602
0.083130
0.080962
0.051683
0.041791
0.034432
0.040214
0.037264
0.031882
0.028337
0.025894
0.022941
0.019222
0.016290
0.018763
0.019940
0.018256
0.018603
0.019672
0.019570
0.018890
0.017339
0.018179
0.018986
0.019349
0.019090
0.018199
0.018486
0.016607
0.016618
0.016785
0.016732
0.017325
0.017763
0.017472
0.015827
0.013554
0.011391
0.010374
0.010467
0.010629
0.010454
0.010178
0.010892
0.011822
0.011771
0.011009
0.009972
0.008998
0.008359
0.007604
0.007533
0.008043
0.008644
0.009231
0.009566
0.009336
0.010004
0.010524
0.010900
0.011189
0.011506
0.011761
0.011869
0.011750
0.011301
0.010430
0.009487
0.009567
0.009807
0.010091
0.010456
0.010606
0.010494
0.010112
0.009537
0.008855
0.008138
0.007446
0.006905
0.006394
0.006478
0.006583
0.006868
0.007079
0.007209
0.007265
0.007330
0.007369
0.007330
0.007191
0.006945
0.006555
0.006074
0.005855
0.005562
0.005327
0.005247
0.005218
0.005191
0.005173
0.005158
0.005177
0.005273
0.005471
0.005598
0.005662
0.005578
0.005358
0.005059
0.004911
0.004810
