0.040962
0.041031
0.041522
0.041629
0.041828
0.042837
0.047704
0.046868
0.056949
0.062557
0.056715
0.065287
0.070017
0.068894
0.057397
0.061439
0.054247
0.061080
0.069562
0.068892
0.067508
0.061775
0.061355
0.071429
0.073526
0.062163
0.058462
0.055548
0.062306
0.062255
0.059865
0.059843
0.057420
0.061098
0.065443
0.068501
0.072606
0.078734
0.085073
0.094875
0.105888
0.115815
0.126737
0.124208
0.111967
0.110714
0.109719
0.103498
0.089474
0.099644
0.107637
0.110903
0.115026
0.123048
0.131619
0.135309
0.133239
0.129190
0.126779
0.126566
0.126992
0.125327
0.119874
0.110762
0.098713
0.085668
0.076050
0.076125
0.076057
0.078159
0.079741
0.080175
0.079148
0.084778
0.090527
0.095228
0.097869
0.097903
0.095625
0.091912
0.087620
0.085402
0.089154
0.091287
0.094961
0.097533
0.103951
0.112061
0.121158
0.128625
0.134252
0.137969
0.139575
0.138676
0.134887
0.128110
0.118656
0.112491
0.109550
0.105948
0.102667
0.099304
0.095929
0.092532
0.089093
0.085640
0.082240
0.078945
0.075753
0.072586
0.069326
0.065876
0.063046
0.062058
0.061184
0.060262
0.059016
0.057193
0.055829
0.055997
0.056151
