0.013221
0.013193
0.013224
0.013293
0.013705
0.013868
0.014536
0.013761
0.013643
0.014262
0.016915
0.017121
0.017886
0.018305
0.018078
0.017001
0.021387
0.023513
0.023789
0.022569
0.021030
0.024654
0.022620
0.020811
0.021017
0.023480
0.022796
0.023278
0.023569
0.020456
0.018655
0.021372
0.022506
0.022514
0.022225
0.022982
0.023281
0.024024
0.024830
0.025258
0.027762
0.029854
0.030329
0.029848
0.028089
0.028394
0.027207
0.027166
0.026869
0.028034
0.030547
0.032162
0.035967
0.039226
0.039582
0.039481
0.040845
0.043785
0.046112
0.047262
0.048010
0.048965
0.049294
0.048067
0.045799
0.043851
0.043611
0.045641
0.049121
0.052473
0.054312
0.054121
0.052359
0.049969
0.048232
0.047381
0.046694
0.045793
0.044480
0.042767
0.040726
0.038467
0.036727
0.034509
0.031791
0.029250
0.026679
0.024003
0.021835
0.020665
0.019615
0.018725
0.017933
0.017119
0.016164
0.014988
0.013583
0.012982
0.013168
0.013338
0.013447
0.013588
0.013786
0.013979
0.014060
0.013943
0.013603
0.013079
0.012442
0.011769
0.011599
0.011698
0.011678
0.011555
0.011348
0.011083
0.010804
0.010553
0.010376
0.010301
0.010318
