0.207323
0.215492
0.240204
0.296101
0.341204
0.411015
0.407408
0.363125
0.502027
0.668850
0.713968
0.611660
0.771023
1.007193
1.041859
0.630100
0.411228
0.390477
0.369171
0.377394
0.354410
0.330213
0.283448
0.239421
0.263098
0.288041
0.278460
0.230552
0.180290
0.156133
0.157934
0.152103
0.146086
0.151332
0.142276
0.149202
0.140886
0.144318
0.147025
0.137287
0.134909
0.137318
0.132360
0.122538
0.114569
0.111795
0.124170
0.139154
0.154465
0.155975
0.151136
0.146549
0.148147
0.141781
0.131004
0.117852
0.104140
0.091842
0.082658
0.073490
0.063405
0.060078
0.061416
0.065449
0.068096
0.069812
0.070740
0.070659
0.069278
0.066999
0.064157
0.061450
0.059149
0.057155
0.055603
0.054698
0.054601
0.055775
0.057983
0.060975
0.064402
0.067935
0.071433
0.075045
0.077796
0.079783
0.080989
0.083053
0.087039
0.089569
0.090084
0.088567
0.085021
0.085500
0.085470
0.084329
0.082203
0.079233
0.075557
0.071243
0.067389
0.065347
0.062924
0.060180
0.057189
0.054003
0.052435
0.052002
0.051349
0.050506
0.049501
0.048316
0.046938
0.045383
0.044385
0.043969
0.043436
0.042799
0.042062
0.041213
0.040265
