0.329429
0.348876
0.432688
0.684204
0.646571
0.836588
0.928023
1.525936
1.393328
1.283739
0.867993
0.663030
0.728215
0.729224
0.853254
0.724858
0.650342
0.659849
0.517557
0.464481
0.457641
0.442720
0.439929
0.371047
0.348372
0.283100
0.221446
0.214221
0.197987
0.161552
0.155961
0.147907
0.126678
0.130236
0.110626
0.119871
0.120846
0.120286
0.121951
0.124006
0.124337
0.123309
0.120404
0.115159
0.107085
0.095832
0.086737
0.083345
0.081390
0.079762
0.085537
0.092015
0.096283
0.094275
0.087681
0.084173
0.084882
0.083512
0.080595
0.076809
0.072062
0.066762
0.061483
0.056164
0.051676
0.048978
0.049805
0.052001
0.054384
0.058923
0.060595
0.060136
0.057986
0.054165
0.053807
0.053324
0.052513
0.050731
0.048629
0.047234
0.049437
0.052480
0.055737
0.057164
0.056670
0.055233
0.054023
0.053963
0.055050
0.056443
0.057028
0.055933
0.056463
0.055616
0.052974
0.049104
0.045418
0.043868
0.042554
0.041684
0.041335
0.041406
0.041574
0.041390
0.040425
0.038521
0.035912
0.033247
0.030716
0.028519
0.027244
0.026316
0.025344
0.024319
0.023293
0.022858
0.022377
0.021898
0.021484
0.021045
0.020581
