0.321967
0.335155
0.373972
0.584452
0.540243
0.542909
0.676065
1.233632
1.078003
1.254305
0.783899
0.829228
0.650383
0.797235
0.929834
0.951838
0.969265
0.937449
0.706121
0.444885
0.365445
0.304380
0.290230
0.229758
0.193551
0.180381
0.181775
0.155033
0.141034
0.150137
0.152868
0.153229
0.137233
0.124769
0.116411
0.098358
0.104623
0.103171
0.094715
0.085975
0.076309
0.065082
0.075346
0.086052
0.089515
0.087942
0.083654
0.083021
0.085354
0.086732
0.085220
0.085362
0.085062
0.080927
0.072555
0.062614
0.060243
0.059786
0.060003
0.059665
0.058148
0.055018
0.050727
0.045529
0.040088
0.035936
0.035571
0.036709
0.035641
0.032658
0.030605
0.031979
0.032457
0.034041
0.033981
0.034368
0.035082
0.035511
0.035467
0.034838
0.033759
0.032792
0.032455
0.032717
0.033508
0.034510
0.034594
0.033539
0.031696
0.031433
0.031609
0.032128
0.032371
0.032028
0.030966
0.030112
0.031207
0.031629
0.031201
0.030032
0.028465
0.026900
0.026448
0.026968
0.027722
0.028128
0.028022
0.027935
0.027516
0.026618
0.025454
0.024176
0.022733
0.021313
0.020621
0.020003
0.019336
0.018633
0.017901
0.017139
0.016363
