0.335611
0.357449
0.899734
1.121600
1.401118
0.922559
1.213810
0.908598
0.701692
0.362123
0.363107
0.229740
0.180876
0.169866
0.156953
0.146416
0.101692
0.104289
0.107347
0.096179
0.085987
0.102798
0.099222
0.074520
0.071747
0.065006
0.062873
0.058728
0.062674
0.065507
0.068175
0.058767
0.045585
0.041992
0.042176
0.044063
0.044369
0.040326
0.038229
0.040494
0.039570
0.035579
0.031485
0.027928
0.025854
0.023730
0.023431
0.022037
0.021028
0.019986
0.019996
0.021492
0.022643
0.022634
0.022496
0.021624
0.022398
0.024583
0.026400
0.027005
0.027878
0.027339
0.026099
0.024830
0.023702
0.022552
0.021459
0.022754
0.024527
0.027211
0.029616
0.031042
0.031762
0.032042
0.031025
0.029558
0.028664
0.027603
0.026599
0.025698
0.024151
0.022526
0.021082
0.019252
0.018119
0.017652
0.017126
0.016510
0.015555
0.014739
0.014060
0.013262
0.012376
0.012497
0.012846
0.013164
0.013360
0.013775
0.014113
0.014214
0.014094
0.013803
0.013398
0.012927
0.012488
0.012173
0.011909
0.011844
0.011838
0.011872
0.011714
0.011327
0.011075
0.010933
0.010581
0.010006
0.009539
0.009618
0.009578
0.009503
0.009377
