0.265155
0.273851
0.358011
0.485379
0.966282
0.868480
0.505685
0.592001
0.793875
0.455662
0.349744
0.475417
0.657782
0.845314
0.695382
0.589611
0.456849
0.349307
0.323037
0.280772
0.252468
0.269229
0.333014
0.343961
0.328324
0.323514
0.362604
0.408403
0.408078
0.382880
0.362842
0.316931
0.291291
0.289982
0.317334
0.345363
0.333081
0.284226
0.235323
0.194639
0.160371
0.146818
0.147827
0.144579
0.133659
0.116038
0.100350
0.095859
0.098495
0.100631
0.098133
0.091468
0.082468
0.073220
0.065703
0.060318
0.055856
0.050774
0.044328
0.045476
0.045478
0.044144
0.045374
0.046218
0.046606
0.046727
0.046644
0.046289
0.045845
0.046029
0.049650
0.053419
0.056921
0.059705
0.061475
0.061864
0.060790
0.058335
0.054731
0.050575
0.046106
0.044568
0.045788
0.046614
0.047054
0.047314
0.047471
0.047545
0.048743
0.051009
0.052497
0.053107
0.053475
0.053092
0.052418
0.051321
0.049609
0.047477
0.045671
0.045560
0.045070
0.044287
0.043217
0.041892
0.040391
0.038813
0.037192
0.035595
0.034069
0.032638
0.031301
0.030042
0.028844
0.027660
0.026465
0.025245
0.024000
0.023344
0.022770
0.022155
0.021519
