0.210814
0.218181
0.390955
0.411144
0.365154
0.460552
0.382068
0.558067
0.474037
0.373909
0.443564
0.459289
0.476990
0.589846
0.526488
0.577696
0.713604
0.618007
0.782233
0.797353
0.566579
0.460916
0.421833
0.346242
0.320967
0.354154
0.370185
0.313019
0.274674
0.269210
0.272910
0.276694
0.298119
0.317240
0.298707
0.270497
0.238384
0.215565
0.205393
0.196837
0.187549
0.166628
0.137913
0.114541
0.104617
0.106026
0.112224
0.117467
0.118156
0.112973
0.104007
0.108469
0.109510
0.107716
0.103857
0.098965
0.093392
0.086800
0.079067
0.070235
0.061401
0.053506
0.046925
0.041697
0.041268
0.041454
0.041870
0.042424
0.042832
0.042757
0.042073
0.040676
0.038687
0.036360
0.033889
0.031443
0.029152
0.027072
0.026204
0.026409
0.026194
0.025602
0.025509
0.025323
0.025847
0.026179
0.026343
0.026344
0.026209
0.025928
0.025548
0.025141
0.024778
0.024515
0.024377
0.024357
0.024426
0.024549
0.024692
0.024838
0.024977
0.025090
0.025169
0.025204
0.025186
0.025105
0.024957
0.024754
0.024506
0.024216
0.023898
0.023564
0.023221
0.023391
0.023690
0.024073
0.024471
0.024868
0.025250
0.025599
0.025904
