0.603150
0.625759
0.709661
1.107296
1.818721
1.864058
1.319511
1.324888
1.121724
0.735443
0.844082
0.799835
1.004343
0.915828
1.025180
1.103306
0.887992
0.636092
0.465219
0.396950
0.342049
0.299235
0.313255
0.296303
0.279058
0.280622
0.279916
0.279474
0.297269
0.306668
0.338502
0.360935
0.374332
0.380102
0.368914
0.355283
0.339650
0.317290
0.289265
0.259150
0.253187
0.255660
0.270825
0.271545
0.257071
0.252814
0.239135
0.228906
0.210434
0.195949
0.186789
0.177172
0.169586
0.159143
0.150262
0.141525
0.135290
0.132720
0.130192
0.126897
0.123211
0.119096
0.114489
0.109056
0.102607
0.095215
0.087623
0.083485
0.081845
0.080029
0.078087
0.076069
0.074097
0.072145
0.070227
0.068293
0.066260
0.064079
0.061833
0.059546
0.057322
0.055229
0.053263
0.051367
0.049464
0.047495
0.045446
0.043358
0.041274
0.039239
0.037293
0.035454
0.033721
0.032080
0.030518
0.029025
0.028548
0.028125
0.027690
0.027236
0.026774
0.026315
0.025870
0.025448
0.025049
0.024674
0.024318
0.023977
0.023647
0.023323
0.023005
0.022690
0.022381
0.022075
0.021774
0.021476
0.021185
0.020893
0.020599
0.020300
0.019994
