1.111397
1.150926
1.222802
1.615422
2.233425
4.204704
4.463555
3.344214
2.717925
2.074788
2.443032
3.571142
2.588116
1.791119
1.733327
1.393500
1.196693
1.008592
0.888913
1.102035
1.200492
1.182785
1.204782
1.191266
0.988244
0.899331
0.776148
0.613011
0.573703
0.569522
0.571919
0.574256
0.545958
0.504128
0.518859
0.495532
0.469370
0.442103
0.405465
0.368710
0.344556
0.310138
0.281317
0.267783
0.267314
0.283964
0.296419
0.299994
0.294286
0.280182
0.260756
0.239300
0.217426
0.196478
0.178019
0.163390
0.152831
0.145335
0.139375
0.137781
0.137104
0.137115
0.137495
0.140587
0.143608
0.142989
0.139773
0.140194
0.140607
0.140366
0.139196
0.136698
0.133056
0.128035
0.121894
0.114485
0.106275
0.097330
0.088042
0.078629
0.076776
0.075063
0.073751
0.071874
0.069625
0.067220
0.064555
0.061567
0.058285
0.054757
0.051186
0.047786
0.044639
0.041762
0.039114
0.036656
0.034399
0.034160
0.034158
0.034024
0.033724
0.033276
0.032741
0.032203
0.031739
0.031400
0.031191
0.031081
0.031008
0.030901
0.030694
0.030350
0.029859
0.029244
0.028552
0.027841
0.027174
0.026598
0.026145
0.025825
0.025626
