0.752294
0.811678
1.161561
1.747882
2.093664
3.039855
3.240848
1.603625
0.924682
0.748403
0.591014
0.523666
0.516360
0.432375
0.356429
0.254906
0.227446
0.261965
0.221284
0.208759
0.203858
0.210078
0.200875
0.206965
0.178481
0.142671
0.171543
0.171480
0.157143
0.130861
0.134262
0.132681
0.124812
0.116263
0.124757
0.130559
0.120064
0.105435
0.100426
0.100638
0.097905
0.093546
0.088922
0.086908
0.085992
0.083015
0.079581
0.083148
0.085359
0.085040
0.085079
0.086865
0.089043
0.089281
0.087988
0.084981
0.080175
0.074996
0.071550
0.069441
0.067678
0.065625
0.063062
0.060379
0.058024
0.057011
0.056110
0.054918
0.053142
0.050990
0.048621
0.045724
0.042408
0.038722
0.034971
0.031417
0.030138
0.029300
0.028796
0.028209
0.027594
0.027163
0.028369
0.029410
0.030340
0.030980
0.031013
0.030527
0.029944
0.029105
0.028510
0.027943
0.027070
0.025933
0.024529
0.023387
0.023561
0.023538
0.023312
0.022858
0.022417
0.021805
0.021072
0.021045
0.021826
0.022630
0.023179
0.023463
0.023851
0.024319
0.024531
0.024479
0.024175
0.023642
0.022875
0.021900
0.021477
0.020768
0.019960
0.019137
0.018844
