0.279258
0.292695
0.344914
0.503107
0.779409
0.592741
0.670423
1.017661
1.247861
0.929213
0.794849
0.719629
0.627127
0.594322
0.584794
0.517165
0.495715
0.430342
0.401011
0.353386
0.289233
0.247808
0.262538
0.283976
0.310201
0.283725
0.236830
0.180333
0.177766
0.159599
0.156893
0.160225
0.162318
0.142214
0.140578
0.139389
0.136450
0.134213
0.142765
0.145079
0.155024
0.170031
0.183290
0.189979
0.188450
0.185470
0.187855
0.181791
0.166750
0.148258
0.128063
0.110117
0.099155
0.093629
0.089172
0.085349
0.081806
0.076811
0.069811
0.072903
0.074921
0.079206
0.083127
0.087280
0.092051
0.097341
0.102136
0.105747
0.107954
0.109599
0.111787
0.114009
0.114057
0.111220
0.107261
0.100570
0.093141
0.088465
0.088631
0.092732
0.097886
0.101891
0.103114
0.102572
0.101154
0.098483
0.095619
0.094648
0.092970
0.090503
0.087564
0.084965
0.083613
0.084061
0.085939
0.088233
0.089884
0.090417
0.089805
0.088219
0.085797
0.082610
0.078838
0.074792
0.070984
0.067796
0.065442
0.063905
0.063053
0.062739
0.062842
0.063267
0.063926
0.064748
0.065630
0.066493
0.067214
0.067653
0.067697
0.067275
0.066369
