21.886691
22.169458
23.669650
26.835294
34.256606
47.119855
60.860449
95.358193
134.016982
62.339628
45.839539
43.082632
45.436213
33.919969
36.783052
35.155193
30.462555
28.396629
24.772459
19.906347
16.851339
13.672870
11.542961
10.046379
9.058956
8.982673
10.747862
10.997210
9.852512
8.138484
6.634437
6.089026
5.824888
5.520801
5.727974
5.749124
5.464814
5.697851
5.802983
5.617661
5.242548
4.704150
4.255759
4.167402
4.267901
4.126141
3.827678
3.441480
3.048631
2.785737
2.808589
2.838842
2.858106
2.844071
2.772784
2.741095
2.608627
2.556410
2.442224
2.259852
2.022887
1.966870
1.935637
1.888372
1.833770
1.773480
1.700859
1.615216
1.545061
1.561771
1.563030
1.540489
1.497018
1.445645
1.398293
1.358061
1.320873
1.281522
1.237773
1.190843
1.143813
1.099583
1.059316
1.021945
0.984991
0.946145
0.904554
0.861044
0.817358
0.775150
0.735449
0.708150
0.703016
0.696573
0.688440
0.678475
0.667226
0.655094
0.642775
0.630708
0.618834
0.606626
0.593361
0.578488
0.561951
0.544313
0.535430
0.535857
0.534015
0.530241
0.525554
0.521331
0.518886
0.519079
0.522068
0.527269
0.533501
0.539272
0.543116
0.543899
0.541025
