17.452277
17.697538
18.042229
18.642152
27.883383
42.831294
44.740039
64.625323
52.370785
52.888154
55.710508
60.519028
64.198627
55.140044
44.767378
34.668982
24.874766
24.851418
22.004700
18.993007
17.202578
15.375940
13.576111
12.990240
11.265870
9.623800
9.368935
9.040585
9.237170
9.504865
9.282107
9.955621
10.081373
9.862195
9.579622
8.543234
7.302939
6.072506
5.976119
5.935682
5.766874
5.477886
5.129874
4.743448
4.415894
4.322613
4.235907
4.119676
3.946138
3.723377
3.874133
3.962748
3.911315
3.733558
3.460433
3.115748
2.900607
2.769426
2.646442
2.521117
2.390351
2.262524
2.170884
2.133952
2.094797
2.059266
2.032959
2.012315
1.988054
1.953796
1.908093
1.851706
1.787229
1.720053
1.656230
1.598294
1.543884
1.488792
1.431099
1.372602
1.317060
1.267565
1.225211
1.189376
1.158675
1.131651
1.107018
1.083709
1.060938
1.038250
1.015441
0.992361
0.968774
0.944409
0.919235
0.893755
0.869109
0.846848
0.828422
0.814622
0.805185
0.798770
0.793281
0.786432
0.776335
0.761926
0.743117
0.720670
0.695880
0.670192
0.644869
0.620803
0.598467
0.578008
0.559393
0.542560
0.527528
0.514416
0.503413
0.494721
0.488681
