1.372369
1.742511
3.092620
4.912772
4.704460
3.982931
4.539182
2.502710
2.549808
3.009568
1.389469
1.006569
0.668100
0.617150
0.589048
0.470709
0.352343
0.305358
0.283191
0.300542
0.339424
0.319299
0.269869
0.229791
0.191312
0.188066
0.199463
0.191095
0.203337
0.215698
0.221606
0.221690
0.228047
0.237743
0.236503
0.226560
0.210685
0.196982
0.202360
0.201928
0.198570
0.192126
0.183113
0.179363
0.173405
0.165554
0.160758
0.156633
0.151824
0.146878
0.148415
0.150998
0.152673
0.152730
0.151038
0.147538
0.142611
0.136883
0.130856
0.124909
0.119262
0.113857
0.108539
0.103370
0.098629
0.097302
0.095886
0.094333
0.092707
0.091056
0.089367
0.087658
0.086032
0.084598
0.083354
0.082171
0.080913
0.079571
0.078292
0.077285
0.076669
0.076399
0.076287
0.076109
0.075711
0.075059
0.074220
0.073292
0.073082
0.072987
0.072837
0.072568
0.072109
0.071416
0.070531
0.069473
0.068319
0.067168
0.066099
0.065165
0.064385
0.063746
0.063216
0.062753
0.062319
0.061884
0.061430
0.060952
0.060455
0.059948
0.059444
0.058952
0.058478
0.058022
0.057581
0.057144
0.056701
0.056239
0.055747
0.055215
0.054639
