0.030325
0.030523
0.033357
0.051450
0.055131
0.058139
0.058347
0.068705
0.062673
0.072271
0.053466
0.054630
0.046089
0.052789
0.047920
0.061805
0.070823
0.068793
0.062108
0.050845
0.049059
0.054035
0.067546
0.085288
0.095846
0.097848
0.091883
0.080055
0.065727
0.058081
0.055855
0.053345
0.050299
0.046984
0.043516
0.042061
0.043401
0.044663
0.045555
0.047330
0.048802
0.050018
0.050802
0.050941
0.050189
0.048511
0.046120
0.043245
0.040167
0.036907
0.035404
0.033799
0.032071
0.030305
0.028558
0.026864
0.025243
0.023694
0.022238
0.020853
0.019541
0.019843
0.021523
0.021998
0.021293
0.019648
0.017385
0.014938
0.013811
0.013560
0.013300
0.013026
0.012737
0.012440
0.012133
0.011814
0.011487
0.011150
0.010935
0.011195
0.011465
0.011711
0.011905
0.012019
0.012034
0.011931
0.011705
0.011359
0.010911
0.010383
0.009777
0.009285
0.009385
0.009356
0.009231
0.009031
0.008759
0.008524
0.008236
0.007908
0.007530
0.007400
0.007264
0.007008
0.006676
0.006681
0.006697
0.006671
0.006618
0.006550
0.006474
0.006384
0.006629
0.006867
0.007060
0.007203
0.007282
0.007289
0.007247
0.007208
0.007104
