0.063856
0.066046
0.082925
0.088894
0.086050
0.101770
0.079691
0.097173
0.106475
0.099806
0.093131
0.097213
0.135831
0.135866
0.115699
0.115196
0.120781
0.139590
0.125889
0.112418
0.113824
0.112319
0.108674
0.125611
0.131563
0.125191
0.112759
0.097890
0.082186
0.078239
0.076104
0.074819
0.074226
0.074029
0.073620
0.072765
0.076592
0.084267
0.090213
0.095250
0.098557
0.099712
0.099319
0.097456
0.094615
0.090981
0.087010
0.082815
0.078263
0.073346
0.068285
0.063599
0.059346
0.055181
0.052250
0.050144
0.047938
0.045699
0.043446
0.041172
0.038962
0.036774
0.034660
0.032609
0.030627
0.028703
0.026854
0.025061
0.023362
0.021863
0.021131
0.020411
0.019712
0.019043
0.018396
0.017784
0.017189
0.016621
0.016070
0.015530
0.015008
0.014493
0.013975
0.013683
0.013402
0.013110
0.012811
0.012509
0.012211
0.011922
0.011645
0.011380
0.011124
0.010873
0.010627
0.010382
0.010143
0.009910
0.009687
0.009479
0.009285
0.009106
0.008940
0.008783
0.008632
0.008481
0.008328
0.008169
0.008004
0.007833
0.007658
0.007479
0.007301
0.007124
0.006951
0.006783
0.006622
0.006468
0.006322
0.006182
0.006048
