0.411775
0.462083
0.806936
0.932377
0.810704
0.836734
1.009474
0.933576
0.951823
0.766515
0.622390
0.766274
0.633264
0.653786
0.733759
0.645733
0.634828
0.588655
0.584012
0.612281
0.624674
0.595550
0.530154
0.439511
0.362900
0.305199
0.270191
0.237675
0.219288
0.211302
0.196776
0.170256
0.148152
0.127723
0.119338
0.118460
0.123694
0.118043
0.109613
0.105752
0.092947
0.094121
0.094486
0.091833
0.088568
0.084346
0.077229
0.067316
0.056633
0.049756
0.050710
0.051612
0.051923
0.052055
0.055356
0.057868
0.059606
0.060877
0.061952
0.062612
0.062519
0.061740
0.060596
0.059285
0.057947
0.059162
0.059946
0.061604
0.062320
0.061915
0.060447
0.058568
0.058533
0.059600
0.058950
0.057007
0.054436
0.051468
0.047807
0.045136
0.043101
0.040482
0.039691
0.038225
0.036095
0.033434
0.030993
0.029588
0.027944
0.026187
0.024600
0.023271
0.022564
0.022153
0.021938
0.021800
0.021632
0.021374
0.021010
0.020553
0.020023
0.019419
0.018755
0.018053
0.017331
0.016599
0.015862
0.015123
0.014391
0.013683
0.013019
0.012419
0.011977
0.011596
0.011265
0.010967
0.010678
0.010392
0.010084
0.010094
0.010322
