0.289596
0.314309
0.611505
0.752684
1.058282
1.284864
0.552144
0.699315
0.752123
0.400332
0.373494
0.458545
0.484890
0.421629
0.371096
0.395666
0.277660
0.314817
0.312169
0.246537
0.219287
0.211952
0.145344
0.134599
0.138519
0.151376
0.147959
0.147544
0.161094
0.171283
0.182107
0.207610
0.220282
0.218004
0.192276
0.160182
0.133546
0.106766
0.088239
0.078165
0.072051
0.067366
0.064080
0.061524
0.056786
0.058411
0.055413
0.047938
0.040640
0.037047
0.034531
0.031722
0.028092
0.025155
0.023970
0.023517
0.023366
0.023426
0.024411
0.025569
0.026368
0.026167
0.024979
0.023523
0.021397
0.019745
0.018866
0.017768
0.016673
0.015452
0.014290
0.013280
0.012666
0.012689
0.012441
0.011911
0.011805
0.011970
0.012156
0.012251
0.012149
0.011811
0.012109
0.012520
0.012814
0.012993
0.013067
0.013056
0.012994
0.012979
0.013021
0.013070
0.013092
0.013048
0.012919
0.012704
0.012411
0.012050
0.011627
0.011151
0.010631
0.010082
0.009524
0.008977
0.008454
0.007958
0.007485
0.007034
0.006606
0.006290
0.006199
0.006091
0.005969
0.005832
0.005680
0.005511
0.005330
0.005142
0.004957
0.004822
0.004859
