0.348323
0.370464
0.806317
0.918706
1.070762
1.441480
0.703410
0.712650
0.519013
0.337883
0.328247
0.341938
0.376645
0.387342
0.358869
0.408616
0.383915
0.317010
0.291261
0.250626
0.219689
0.174053
0.146487
0.148859
0.139219
0.120268
0.104044
0.110076
0.112407
0.103463
0.094488
0.106265
0.118295
0.124006
0.118934
0.117371
0.112339
0.099130
0.083046
0.075414
0.068578
0.058425
0.048152
0.041207
0.040619
0.038121
0.038490
0.038267
0.034018
0.028426
0.026342
0.024088
0.021985
0.020418
0.019464
0.018443
0.017465
0.016299
0.014756
0.014976
0.014553
0.013854
0.013499
0.013338
0.013101
0.012602
0.012163
0.011832
0.011513
0.011361
0.011212
0.010997
0.010777
0.010622
0.010600
0.010765
0.011102
0.011529
0.011943
0.012281
0.012516
0.012630
0.012596
0.012381
0.011962
0.011353
0.010696
0.010446
0.009909
0.009165
0.008332
0.008126
0.008066
0.007876
0.007563
0.007171
0.006942
0.006769
0.006592
0.006417
0.006245
0.006078
0.005914
0.005749
0.005710
0.005663
0.005551
0.005385
0.005184
0.005060
0.005079
0.005105
0.005135
0.005162
0.005182
0.005194
0.005199
0.005197
0.005188
0.005168
0.005137
