1.389339
1.476844
1.577629
1.754062
3.016538
2.580714
1.858054
2.679778
2.108264
2.445691
2.690923
2.617078
1.914029
1.523650
1.342678
1.462412
1.710311
1.940734
2.091078
2.136258
2.142800
2.141552
2.119558
2.069916
1.993299
1.888503
1.759054
1.669797
1.577487
1.480757
1.379743
1.277244
1.178100
1.085481
1.001416
0.923476
0.852590
0.790686
0.737031
0.688993
0.645373
0.603828
0.565870
0.530883
0.499787
0.471890
0.447231
0.424718
0.404217
0.385660
0.368719
0.352322
0.336780
0.321941
0.308065
0.295272
0.283656
0.273074
0.263347
0.254091
0.244990
0.236176
0.228037
0.220602
0.213696
0.207082
0.200787
0.194970
0.189358
0.184633
0.180364
0.175057
0.168940
0.164835
0.161737
0.159027
0.156440
0.153739
0.150886
0.148004
0.145082
0.142129
0.139112
0.136031
0.132959
0.130017
0.127310
0.124900
0.122739
0.120725
0.118779
0.116847
0.114908
0.112959
0.110999
0.109069
0.107115
0.105233
0.103597
0.101979
0.100348
0.098717
0.097086
0.095462
0.093834
0.092154
0.090416
0.088626
0.086807
0.084992
0.083215
0.081504
0.079877
0.078352
0.076897
0.075482
0.074080
0.073520
0.072913
0.072235
0.071476
