0.582247
0.795872
2.432004
1.284608
0.987144
0.817708
0.821534
0.681780
0.435286
0.579790
0.612489
0.598607
0.451797
0.309188
0.325709
0.316334
0.305891
0.296425
0.287916
0.258256
0.244966
0.252497
0.255084
0.234607
0.272197
0.250309
0.212673
0.176858
0.140142
0.129338
0.119823
0.112046
0.103648
0.115558
0.115440
0.114961
0.116322
0.112768
0.100890
0.087839
0.079892
0.075121
0.069239
0.062755
0.057785
0.052422
0.047603
0.043208
0.038694
0.036326
0.038234
0.041468
0.044046
0.045107
0.047934
0.053259
0.056007
0.055308
0.054286
0.051747
0.047395
0.043131
0.039016
0.038569
0.037806
0.037225
0.037021
0.037035
0.036884
0.036246
0.035106
0.033754
0.032785
0.032012
0.031381
0.030791
0.030217
0.029764
0.029620
0.029958
0.030521
0.031079
0.031804
0.032176
0.031882
0.031170
0.031069
0.030714
0.030181
0.029539
0.029147
0.028686
0.028402
0.028157
0.027832
0.027430
0.027291
0.027224
0.027246
0.027436
0.027509
0.027447
0.027574
0.027928
0.028114
0.028178
0.028165
0.028109
0.028027
0.027913
0.027748
0.027503
0.027148
0.026684
0.026086
0.025353
0.025002
0.024845
0.024594
0.024275
0.023915
