0.351575
0.361167
0.385312
0.544112
0.667776
0.930518
1.693359
1.215115
0.933796
0.869161
0.868831
0.909617
0.849460
0.767502
0.712480
0.767797
0.837565
0.939991
0.816453
0.623851
0.782776
0.744286
0.603135
0.741203
0.791665
0.855898
0.798623
0.779269
0.922535
0.897771
0.769366
0.643055
0.545670
0.546207
0.527333
0.518687
0.469242
0.459634
0.509069
0.529740
0.531749
0.486114
0.444917
0.421971
0.385698
0.394521
0.405177
0.391597
0.364595
0.342816
0.333517
0.326916
0.334158
0.328186
0.309785
0.295023
0.313517
0.325505
0.329870
0.325703
0.324460
0.321289
0.319593
0.322955
0.334215
0.360377
0.393318
0.424001
0.445697
0.454382
0.450947
0.443298
0.432123
0.425516
0.421081
0.410436
0.388738
0.358870
0.327588
0.300876
0.284087
0.284316
0.282499
0.278135
0.271426
0.262571
0.251404
0.238142
0.223742
0.209557
0.200948
0.196196
0.190587
0.184080
0.177379
0.171075
0.165339
0.159735
0.153447
0.147524
0.150855
0.153207
0.153436
0.151254
0.146922
0.141044
0.140305
0.137451
0.132608
0.126368
0.119120
0.111918
0.105765
0.101181
0.098190
0.099408
0.099752
0.098992
0.097054
0.093994
0.090005
