0.207339
0.211573
0.238200
0.294743
0.603713
0.570945
0.658884
0.611557
0.539369
0.739781
0.688320
0.504989
0.591100
0.525541
0.533424
0.497085
0.632968
0.636994
0.490415
0.431731
0.430552
0.478899
0.509005
0.525583
0.514483
0.538950
0.619191
0.636410
0.565047
0.540366
0.562223
0.544709
0.479983
0.456198
0.406257
0.344827
0.329610
0.293139
0.287809
0.263594
0.230564
0.213929
0.230492
0.251641
0.261067
0.254420
0.237401
0.232239
0.237494
0.233955
0.222882
0.209895
0.192090
0.204631
0.211688
0.207519
0.192995
0.173430
0.173544
0.183088
0.189785
0.189911
0.187184
0.185633
0.183396
0.175459
0.167240
0.172225
0.178141
0.182177
0.184148
0.184261
0.184654
0.185695
0.183459
0.178076
0.169877
0.159166
0.156517
0.156034
0.154683
0.152959
0.151165
0.149134
0.146638
0.143511
0.139574
0.134718
0.130824
0.128969
0.126313
0.122886
0.118788
0.116064
0.114912
0.113600
0.112043
0.110238
0.108237
0.106013
0.103592
0.101031
0.098323
0.095560
0.092739
0.089938
0.087323
0.084883
0.082526
0.080243
0.080546
0.082156
0.081899
0.079643
0.075599
0.070280
0.067073
0.067058
0.066660
0.065813
0.064461
