0.458293
0.456770
0.569719
0.752777
1.402172
2.002525
2.001827
1.473155
0.859120
0.800275
0.599144
0.571955
0.559722
0.491427
0.445525
0.336347
0.261454
0.222115
0.206466
0.191546
0.186286
0.206904
0.238995
0.264006
0.273046
0.237971
0.220153
0.207064
0.194686
0.182500
0.170942
0.157963
0.146581
0.136887
0.125192
0.115155
0.107104
0.101092
0.096631
0.093089
0.090331
0.098789
0.099092
0.097232
0.097733
0.096801
0.090379
0.079179
0.068133
0.060575
0.056174
0.053017
0.048936
0.044396
0.040318
0.038249
0.037012
0.035715
0.034264
0.032416
0.029974
0.028327
0.029387
0.030494
0.033004
0.034727
0.035229
0.034415
0.032552
0.030460
0.028433
0.027845
0.027042
0.025985
0.024508
0.022785
0.020975
0.019178
0.018932
0.019076
0.018571
0.018319
0.017954
0.017416
0.017707
0.017837
0.017698
0.017482
0.017514
0.017953
0.018652
0.019293
0.019704
0.020165
0.020248
0.019970
0.020120
0.021536
0.022355
0.022499
0.022053
0.021168
0.020049
0.018982
0.018130
0.017563
0.017260
0.017153
0.017142
0.017107
0.016973
0.016805
0.016501
0.016147
0.015834
0.015581
0.015346
0.015050
0.014688
0.014300
0.013866
