0.033030
0.033058
0.033167
0.033238
0.033465
0.034754
0.034181
0.035154
0.037667
0.050836
0.068927
0.081387
0.066955
0.072856
0.074700
0.097894
0.084114
0.081426
0.068518
0.065713
0.061154
0.060752
0.069650
0.081179
0.078651
0.071755
0.066233
0.063891
0.066548
0.068083
0.069845
0.068034
0.076156
0.082579
0.090809
0.093432
0.096499
0.098254
0.091545
0.090370
0.098770
0.106619
0.110823
0.110041
0.104473
0.099225
0.107904
0.127104
0.143469
0.151547
0.150580
0.140302
0.126391
0.117032
0.115318
0.116314
0.113422
0.106357
0.098761
0.094258
0.093712
0.093703
0.091378
0.089570
0.091846
0.095537
0.096005
0.091219
0.084307
0.082515
0.081256
0.081721
0.082488
0.081918
0.079837
0.076955
0.074026
0.071365
0.068928
0.066426
0.063583
0.060391
0.057263
0.056353
0.056182
0.056427
0.056963
0.057010
0.055276
0.052237
0.049957
0.050739
0.050610
0.049728
0.048290
0.046496
0.044500
0.043239
0.042325
0.043411
0.044286
0.045879
0.047353
0.048527
0.049119
0.048752
0.047143
0.046806
0.046604
0.046417
0.046436
0.046668
0.046966
0.047140
0.047014
0.046491
0.045689
0.045207
0.044291
0.043102
0.041845
