0.384105
0.415114
0.628862
0.901754
0.862507
0.721830
0.771316
0.800071
0.923697
0.827315
0.811784
1.223221
1.147868
1.000933
0.943421
0.857678
0.763397
0.752182
0.732890
0.806888
0.830254
0.737866
0.727870
0.660298
0.546200
0.454673
0.390717
0.327980
0.312349
0.294813
0.268654
0.224292
0.226962
0.227176
0.223988
0.217887
0.210749
0.201782
0.191382
0.180583
0.169760
0.159302
0.149526
0.140453
0.131565
0.126921
0.126348
0.125078
0.123088
0.120791
0.118635
0.116234
0.113150
0.109489
0.105793
0.102448
0.099448
0.096338
0.092920
0.089426
0.086337
0.083936
0.082117
0.080591
0.079094
0.077440
0.075607
0.073589
0.071514
0.069446
0.067361
0.065206
0.063001
0.060707
0.058358
0.056025
0.053785
0.051681
0.049688
0.047736
0.045767
0.043768
0.041765
0.039783
0.037807
0.035783
0.033676
0.032105
0.030858
0.029531
0.028596
0.027881
0.027973
0.027897
0.027663
0.027361
0.026918
0.026369
0.025679
0.024853
0.023902
0.022860
0.021756
0.020620
0.019497
0.018424
0.017851
0.017484
0.017113
0.016752
0.016415
0.016110
0.015933
0.016192
0.016337
0.016387
0.016366
0.016297
0.016203
0.016108
0.016018
