0.077701
0.079048
0.086053
0.118054
0.181407
0.289701
0.300199
0.229691
0.153999
0.177253
0.160809
0.156068
0.194836
0.199187
0.145986
0.114458
0.106959
0.112096
0.087071
0.086672
0.081883
0.092726
0.100059
0.084697
0.081558
0.080790
0.073572
0.076312
0.078088
0.076157
0.062323
0.059868
0.059669
0.066861
0.069150
0.061113
0.056515
0.053500
0.058024
0.063690
0.060347
0.054282
0.052088
0.051735
0.053104
0.060448
0.064515
0.065613
0.063486
0.057080
0.050928
0.047484
0.050067
0.051746
0.051265
0.048531
0.047376
0.048096
0.049072
0.051669
0.051670
0.052151
0.051169
0.048527
0.044382
0.043123
0.042625
0.040581
0.038895
0.037346
0.036959
0.036405
0.036251
0.035627
0.034487
0.034532
0.035405
0.035708
0.035962
0.036481
0.037260
0.037969
0.038221
0.037883
0.037000
0.035615
0.033741
0.031375
0.029173
0.029719
0.029609
0.029131
0.028537
0.027912
0.027290
0.026724
0.027029
0.027451
0.027822
0.028112
0.028266
0.029595
0.031422
0.032814
0.033706
0.034151
0.034253
0.034349
0.034422
0.034204
0.035423
0.037167
0.038320
0.038924
0.038983
0.038515
0.037592
0.036360
0.034986
0.033613
0.032356
