0.384389
0.399021
0.486084
0.692278
0.885084
0.973554
1.330287
1.103292
0.885114
0.722975
0.932119
1.127430
1.023741
0.729592
0.534064
0.570436
0.462344
0.411788
0.403467
0.361524
0.326429
0.347236
0.386963
0.407766
0.368694
0.344414
0.348706
0.329728
0.241217
0.239264
0.212783
0.196881
0.184729
0.177305
0.172363
0.150674
0.133421
0.133213
0.139177
0.138397
0.123959
0.099540
0.096677
0.093199
0.090517
0.088491
0.086991
0.086221
0.079737
0.076349
0.074273
0.072601
0.070701
0.068551
0.068169
0.068318
0.065723
0.060823
0.055600
0.055817
0.054297
0.051155
0.047532
0.044312
0.041491
0.039554
0.037593
0.035896
0.034563
0.035681
0.036859
0.037682
0.037830
0.037126
0.035665
0.035987
0.037133
0.038191
0.038955
0.039285
0.039194
0.038801
0.038154
0.037189
0.035851
0.034179
0.032179
0.029957
0.027765
0.026203
0.025534
0.024804
0.024006
0.023109
0.022082
0.021525
0.021620
0.021588
0.021421
0.021141
0.020858
0.021165
0.021307
0.021303
0.021231
0.021093
0.020866
0.020585
0.020303
0.020089
0.019986
0.020003
0.020150
0.020403
0.020723
0.021663
0.022690
0.023709
0.024605
0.025279
0.025670
