0.413044
0.428213
0.592416
0.773773
0.734835
0.853747
0.964564
0.730079
0.741224
0.733394
0.714687
0.866458
1.010998
0.947572
0.738227
0.583002
0.512242
0.465529
0.433427
0.399573
0.363597
0.324287
0.288611
0.263623
0.251447
0.242101
0.235748
0.255447
0.231594
0.206039
0.188916
0.174018
0.158017
0.145615
0.139906
0.133224
0.125434
0.117732
0.110175
0.114495
0.123107
0.126098
0.114509
0.095206
0.089827
0.084124
0.079948
0.078433
0.077031
0.076367
0.073113
0.067328
0.059766
0.055468
0.049995
0.044411
0.043297
0.042884
0.041901
0.039676
0.036729
0.033444
0.030019
0.030185
0.032051
0.033022
0.032542
0.032841
0.032701
0.032222
0.031380
0.031186
0.030416
0.029491
0.028656
0.027899
0.027099
0.026181
0.025272
0.024634
0.024381
0.024503
0.024983
0.025713
0.026581
0.027790
0.029334
0.030797
0.032067
0.032892
0.033183
0.033388
0.033112
0.032467
0.031456
0.030096
0.028618
0.027525
0.026069
0.024416
0.022773
0.021275
0.020466
0.019866
0.019458
0.019014
0.018471
0.018193
0.018193
0.018193
0.018193
0.018193
0.018193
0.018193
0.018193
0.018193
0.018193
0.018193
0.018193
0.018193
0.018193
