0.263683
0.321289
0.671469
0.700791
0.854223
0.784093
0.773242
0.685893
0.470922
0.362212
0.246000
0.181116
0.191884
0.156171
0.136113
0.130173
0.116718
0.136828
0.124965
0.107430
0.121278
0.136734
0.114298
0.099308
0.100180
0.105865
0.104724
0.102753
0.102983
0.095356
0.077076
0.067019
0.072723
0.076434
0.072958
0.065850
0.056611
0.051634
0.052647
0.052580
0.048260
0.044065
0.043951
0.046149
0.046883
0.046986
0.047149
0.045317
0.043306
0.040202
0.036296
0.031924
0.028860
0.026314
0.023661
0.021884
0.020019
0.019404
0.019904
0.020254
0.019859
0.018678
0.017473
0.017501
0.017393
0.016772
0.016578
0.017975
0.018700
0.019307
0.020284
0.021193
0.021917
0.022287
0.022240
0.021739
0.020976
0.020058
0.019144
0.018316
0.017509
0.016776
0.016130
0.015723
0.015619
0.015447
0.015161
0.014804
0.014449
0.013958
0.013479
0.013142
0.013006
0.013020
0.013080
0.013108
0.013124
0.013245
0.013768
0.014809
0.015516
0.016431
0.017432
0.018028
0.018295
0.018487
0.018343
0.017983
0.017535
0.017110
0.016776
0.016554
0.016521
0.016627
0.016730
0.016768
0.016686
0.016712
0.016747
0.016617
0.016338
