0.378594
0.427820
0.646194
0.647434
1.152110
0.964338
1.106780
1.114522
0.891710
0.731291
0.866732
0.703909
0.895622
1.011920
1.024855
0.949472
0.828071
0.679048
0.724228
0.678571
0.672623
0.647373
0.536804
0.514261
0.443584
0.346373
0.400883
0.427899
0.407329
0.388742
0.336266
0.290370
0.276827
0.279973
0.259968
0.271747
0.277175
0.258022
0.249436
0.233796
0.200482
0.203993
0.187912
0.164334
0.147517
0.149908
0.151739
0.155145
0.158458
0.163807
0.170687
0.175917
0.176376
0.171789
0.161048
0.150880
0.151604
0.147119
0.150184
0.154190
0.155335
0.157388
0.161941
0.167389
0.170004
0.168327
0.162073
0.152750
0.141893
0.135051
0.127681
0.120983
0.116382
0.112597
0.107036
0.112739
0.117500
0.119581
0.120325
0.119997
0.114022
0.103201
0.102485
0.101811
0.098603
0.100620
0.102525
0.102322
0.101396
0.100509
0.099316
0.097621
0.095419
0.091440
0.086258
0.080471
0.073597
0.076459
0.078048
0.077837
0.076514
0.074879
0.073852
0.073086
0.072367
0.071601
0.070319
0.073774
0.077678
0.080501
0.082319
0.083199
0.083505
0.083015
0.081917
0.080087
0.077693
0.074902
0.071860
0.068790
0.065790
