0.407270
0.410653
0.476596
0.627894
0.991271
1.318868
1.222577
1.162743
0.979148
0.985916
0.767823
0.886920
0.862020
0.907689
0.945360
0.866988
0.991459
1.057996
0.947839
0.824578
0.765560
0.748888
0.620468
0.539636
0.590156
0.558221
0.529397
0.511665
0.545762
0.615144
0.623754
0.563546
0.477054
0.390709
0.321960
0.316722
0.359727
0.400887
0.439628
0.433147
0.384071
0.319712
0.305532
0.314336
0.336754
0.353820
0.357650
0.350599
0.338193
0.323838
0.305804
0.279883
0.252864
0.241159
0.238506
0.242892
0.255794
0.270560
0.282489
0.286268
0.276875
0.281191
0.276982
0.271164
0.266668
0.259963
0.256495
0.252128
0.246379
0.241282
0.236258
0.231555
0.229017
0.229840
0.234470
0.241798
0.250362
0.258517
0.264854
0.268435
0.269028
0.267496
0.263475
0.256020
0.247577
0.245515
0.241680
0.241533
0.240169
0.236064
0.229277
0.220326
0.209786
0.198284
0.186408
0.174580
0.162990
0.151926
0.141308
0.131119
0.121288
0.114314
0.109620
0.105829
0.103719
0.103130
0.103940
0.105555
0.107352
0.108924
0.110235
0.111273
0.112022
0.112475
0.112611
0.112397
0.111811
0.111566
0.110785
0.109466
0.107655
