0.253618
0.289368
0.456119
0.931644
0.655515
0.395464
0.422488
0.450922
0.334350
0.324734
0.307071
0.342114
0.318064
0.362933
0.298054
0.262610
0.301732
0.315276
0.279465
0.285107
0.275404
0.237187
0.219532
0.248753
0.277517
0.255355
0.224154
0.213137
0.239626
0.258719
0.256642
0.230656
0.213216
0.191634
0.168585
0.169282
0.190976
0.197467
0.181024
0.156880
0.150909
0.143799
0.137830
0.125573
0.114167
0.108822
0.107088
0.106235
0.103057
0.095027
0.096956
0.103410
0.106177
0.104441
0.101267
0.099312
0.097842
0.093806
0.087334
0.080173
0.072530
0.072572
0.073471
0.072461
0.072529
0.076159
0.078067
0.079824
0.080812
0.079767
0.076857
0.079503
0.084481
0.088265
0.090499
0.090811
0.089545
0.087172
0.084561
0.082318
0.080580
0.079223
0.078190
0.077154
0.075475
0.075488
0.076145
0.075336
0.072916
0.069139
0.064480
0.059111
0.053177
0.049238
0.047286
0.044625
0.043643
0.041990
0.039968
0.037802
0.035893
0.035303
0.034652
0.035749
0.036440
0.036555
0.036138
0.035441
0.035335
0.035360
0.035368
0.034879
0.034558
0.034915
0.035393
0.036013
0.036783
0.037684
0.038657
0.039618
0.040458
