0.597070
0.621533
0.679359
0.889321
1.757824
2.604919
1.750711
1.787516
1.325399
1.230380
0.889263
0.853862
0.789570
0.707726
0.558923
0.389386
0.350327
0.394355
0.441512
0.508938
0.406967
0.356424
0.299362
0.270878
0.244159
0.229971
0.258939
0.311112
0.312363
0.299572
0.269710
0.208515
0.209006
0.200929
0.189563
0.177943
0.165878
0.153235
0.139650
0.125645
0.119772
0.118465
0.123020
0.122965
0.119885
0.118787
0.118044
0.112965
0.104375
0.093702
0.084409
0.078958
0.073504
0.068285
0.063845
0.060655
0.058201
0.056372
0.054544
0.051898
0.049372
0.047332
0.045192
0.043026
0.041067
0.039356
0.037737
0.036122
0.034662
0.033297
0.033028
0.032836
0.032444
0.031797
0.030937
0.029965
0.029002
0.028829
0.029858
0.030907
0.032032
0.033256
0.034549
0.035812
0.036881
0.037634
0.038029
0.038103
0.037931
0.037623
0.037111
0.036352
0.035312
0.034013
0.032622
0.033280
0.033645
0.033794
0.033769
0.033571
0.033069
0.032201
0.032165
0.032310
0.032144
0.031697
0.031025
0.030165
0.029181
0.028130
0.027051
0.025962
0.024870
0.023765
0.023026
0.022994
0.022909
0.022752
0.022506
0.022157
0.021701
