0.202718
0.211155
0.256673
0.464370
0.994522
0.858283
0.517386
0.424206
0.430520
0.307969
0.217510
0.166212
0.196267
0.219237
0.202926
0.157386
0.124894
0.100880
0.101979
0.110574
0.102330
0.105172
0.118416
0.124638
0.114532
0.122954
0.106637
0.095038
0.087558
0.089967
0.096611
0.105827
0.104292
0.095954
0.088887
0.080358
0.068915
0.061122
0.052373
0.047607
0.045400
0.045643
0.048132
0.050278
0.050006
0.047319
0.053739
0.055781
0.053315
0.048404
0.043473
0.039610
0.037237
0.035672
0.034683
0.034237
0.033664
0.033686
0.033550
0.032384
0.030224
0.027233
0.023912
0.020914
0.019482
0.018141
0.016916
0.015741
0.014686
0.013825
0.013230
0.013028
0.012858
0.012615
0.012096
0.011330
0.011702
0.011829
0.011563
0.010972
0.010255
0.009663
0.010006
0.010156
0.010083
0.009852
0.009959
0.010346
0.010673
0.010886
0.010946
0.010832
0.010741
0.010840
0.011226
0.011463
0.011508
0.011342
0.010955
0.010905
0.010898
0.011032
0.011019
0.010867
0.010610
0.010296
0.009970
0.009667
0.009397
0.009149
0.008898
0.008612
0.008490
0.008612
0.008663
0.008645
0.008659
0.008705
0.008687
0.008601
0.008470
