1.110562
1.145751
1.562997
2.359001
5.916171
3.424736
1.495544
1.148642
0.793711
0.502934
0.420193
0.548418
0.496542
0.437715
0.358857
0.335325
0.319106
0.315756
0.275312
0.217054
0.175729
0.153512
0.133260
0.122184
0.114586
0.093095
0.075785
0.070460
0.067035
0.065449
0.059026
0.056174
0.054642
0.051399
0.051596
0.050630
0.047636
0.048005
0.053404
0.060257
0.062894
0.061692
0.060790
0.063335
0.069316
0.076827
0.086556
0.094302
0.097840
0.095741
0.089547
0.085385
0.076183
0.064047
0.053835
0.048401
0.042103
0.036300
0.032206
0.030331
0.029368
0.028022
0.026354
0.024649
0.023254
0.022256
0.021514
0.020841
0.020098
0.019419
0.019223
0.019818
0.020674
0.021106
0.021190
0.021282
0.021253
0.021227
0.021462
0.022396
0.022853
0.022708
0.022117
0.021795
0.021933
0.022585
0.022911
0.022673
0.022316
0.021577
0.020874
0.019857
0.018763
0.019125
0.019390
0.019535
0.019563
0.019499
0.019390
0.019286
0.019223
0.019217
0.019255
0.019500
0.019775
0.019976
0.020054
0.019955
0.019633
0.019081
0.018323
0.017425
0.017540
0.017400
0.017098
0.016853
0.016941
0.017141
0.017251
0.017309
0.017344
