0.597354
0.630718
0.821724
1.413122
3.129414
2.350979
1.152681
0.818982
0.621935
0.540401
0.396950
0.321612
0.246139
0.196914
0.196725
0.153084
0.165422
0.173463
0.152921
0.146094
0.153220
0.141449
0.129661
0.103068
0.090666
0.079483
0.072665
0.071160
0.069974
0.069696
0.064740
0.057048
0.049040
0.044327
0.049898
0.053281
0.060378
0.063811
0.065774
0.066045
0.061990
0.057485
0.056112
0.055143
0.050273
0.047580
0.049549
0.045664
0.042390
0.039539
0.038064
0.039111
0.040970
0.040681
0.037743
0.035119
0.032767
0.031230
0.031030
0.031229
0.031752
0.032311
0.033586
0.034828
0.034789
0.033469
0.032436
0.030438
0.027898
0.028070
0.026639
0.024693
0.024219
0.023178
0.021781
0.020031
0.018791
0.018165
0.017451
0.016595
0.016493
0.016582
0.016323
0.015834
0.015561
0.015190
0.014719
0.014192
0.013652
0.013902
0.013975
0.013864
0.013752
0.013519
0.013091
0.013185
0.013727
0.014043
0.014136
0.014049
0.013927
0.013802
0.013805
0.013616
0.013351
0.013165
0.012948
0.012709
0.012439
0.012187
0.012175
0.012026
0.011720
0.011412
0.011041
0.010772
0.010772
0.010772
0.010772
0.010772
0.010772
