0.359616
0.428287
0.906939
0.867193
2.053607
1.330786
0.610013
0.368988
0.225192
0.226954
0.188635
0.159632
0.125861
0.117741
0.095505
0.124851
0.133876
0.133708
0.097317
0.081209
0.084267
0.096426
0.083585
0.083162
0.083773
0.068847
0.065895
0.064708
0.061781
0.068815
0.074059
0.067013
0.055833
0.050978
0.052589
0.055424
0.050059
0.043328
0.035192
0.032372
0.030683
0.033083
0.033356
0.032811
0.032804
0.032724
0.035885
0.040094
0.041119
0.038059
0.034254
0.031593
0.031501
0.033040
0.035110
0.035776
0.035611
0.035200
0.034196
0.032675
0.030132
0.027504
0.024763
0.022113
0.020300
0.019456
0.019100
0.018807
0.018240
0.017431
0.016524
0.015930
0.015380
0.014845
0.014651
0.014668
0.014788
0.015027
0.015480
0.016049
0.016965
0.017748
0.018393
0.019227
0.019877
0.020287
0.020522
0.020603
0.020581
0.020445
0.020265
0.020051
0.019654
0.019127
0.018866
0.018906
0.018933
0.018913
0.018976
0.018629
0.017843
0.016682
0.015491
0.014763
0.014159
0.013476
0.012753
0.012055
0.011384
0.010699
0.010115
0.009793
0.009456
0.009120
0.008812
0.008583
0.008286
0.008077
0.008182
0.008288
0.008365
