0.205200
0.206280
0.217668
0.274262
0.274781
0.264013
0.265571
0.343525
0.373828
0.507166
0.657511
0.641158
0.695550
0.487294
0.458702
0.427411
0.471217
0.428395
0.422403
0.397265
0.448295
0.472972
0.490331
0.419440
0.383627
0.334898
0.331207
0.378161
0.413999
0.390991
0.358777
0.326813
0.322196
0.350110
0.375592
0.389213
0.416933
0.451773
0.464915
0.459460
0.433217
0.382755
0.354440
0.362723
0.329531
0.292289
0.276066
0.272385
0.259045
0.253473
0.252128
0.238464
0.219469
0.209226
0.220106
0.215099
0.204789
0.204438
0.203664
0.203003
0.211437
0.227256
0.234343
0.231705
0.222519
0.207357
0.197700
0.209671
0.215688
0.221157
0.225508
0.227990
0.226040
0.216260
0.204000
0.198571
0.195681
0.203392
0.210955
0.217007
0.218216
0.213279
0.203453
0.190596
0.176080
0.161101
0.147294
0.136022
0.127590
0.121036
0.114717
0.107644
0.099895
0.092522
0.087034
0.082737
0.077953
0.078064
0.078049
0.076409
0.073829
0.070873
0.067797
0.067668
0.068554
0.068684
0.067940
0.066112
0.066217
0.066240
0.064706
0.065190
0.064856
0.063858
0.063367
0.061585
0.058752
0.055307
0.051791
0.049365
0.049036
