0.310686
0.312605
0.321618
0.349232
0.370602
0.330275
0.302185
0.408242
0.457169
0.434978
0.460678
0.626088
0.824161
0.778248
0.654317
0.556609
0.663787
0.836161
0.849838
0.736136
0.698723
0.664157
0.689579
0.652930
0.507629
0.509701
0.529792
0.498893
0.449768
0.394369
0.340149
0.308866
0.308228
0.316984
0.319255
0.319143
0.327803
0.327296
0.310848
0.291093
0.268821
0.244338
0.270256
0.302489
0.306602
0.282955
0.246671
0.208951
0.177659
0.174057
0.171398
0.187561
0.201157
0.208846
0.211340
0.209188
0.209796
0.227771
0.238882
0.243636
0.243305
0.239730
0.235353
0.233630
0.234703
0.235167
0.234369
0.230646
0.223012
0.215368
0.207208
0.202933
0.198463
0.187833
0.179695
0.177286
0.180767
0.182952
0.182940
0.184247
0.181044
0.174037
0.164169
0.152872
0.144667
0.136672
0.127575
0.121687
0.118203
0.116732
0.116296
0.115684
0.113858
0.110313
0.105119
0.104991
0.105845
0.105736
0.104672
0.102786
0.100385
0.097820
0.099525
0.102124
0.103810
0.104179
0.104191
0.103689
0.101568
0.097860
0.092675
0.086403
0.079577
0.076206
0.076535
0.076380
0.075768
0.074700
0.073206
0.071322
0.069074
