0.039211
0.040168
0.045835
0.063803
0.055720
0.062964
0.089481
0.089103
0.083744
0.071082
0.078441
0.092224
0.105847
0.102567
0.110623
0.112131
0.112309
0.112936
0.160775
0.151658
0.114187
0.092090
0.082140
0.087168
0.085081
0.071997
0.068797
0.078425
0.094355
0.101248
0.089090
0.090858
0.091539
0.082152
0.072218
0.068677
0.065439
0.061454
0.061353
0.061207
0.065354
0.066153
0.066313
0.070383
0.075198
0.076386
0.075885
0.075398
0.075558
0.079262
0.083422
0.086073
0.087824
0.087775
0.082810
0.073806
0.065112
0.058938
0.054196
0.050274
0.049465
0.047910
0.047357
0.049733
0.051893
0.053697
0.054798
0.055412
0.056342
0.057239
0.057062
0.054900
0.050556
0.044888
0.042419
0.044185
0.046432
0.048207
0.048857
0.047919
0.045396
0.041742
0.037357
0.032942
0.032577
0.031496
0.029622
0.027340
0.027148
0.027324
0.027332
0.027317
0.028616
0.029938
0.030948
0.031640
0.032046
0.032169
0.031948
0.031285
0.030307
0.029294
0.028752
0.027776
0.026481
0.025024
0.023541
0.022027
0.020488
0.018930
0.018541
0.018078
0.017617
0.017507
0.017622
0.017699
0.017754
0.017678
0.017432
0.017131
0.016887
