4.550986
4.858600
5.687658
9.944406
14.532927
22.143716
20.153461
16.694949
17.189025
12.119737
7.393010
6.929615
6.871699
7.730038
7.965774
7.546011
7.386640
6.692222
4.843915
3.750109
3.260665
3.594944
3.615064
3.704038
4.145757
3.807930
3.508497
3.506174
3.064694
2.748353
2.686077
2.399290
1.946400
1.552765
1.407999
1.414230
1.558333
1.757152
1.999636
2.224513
2.328192
2.331347
2.355115
2.521966
2.761744
2.984643
3.228727
3.441125
3.443740
3.237940
2.960057
2.719270
2.527779
2.338927
2.143807
1.979135
1.860297
1.782146
1.723550
1.674356
1.629971
1.567296
1.568257
1.554104
1.500319
1.404974
1.356377
1.306153
1.242351
1.167133
1.084426
1.019931
0.978623
0.952373
0.917916
0.872426
0.812446
0.739077
0.661008
0.610085
0.594425
0.576555
0.558258
0.539978
0.519974
0.497949
0.474574
0.466593
0.467735
0.467946
0.466202
0.461312
0.452852
0.442091
0.430694
0.420976
0.414585
0.411655
0.410716
0.409306
0.404957
0.396142
0.382781
0.366178
0.365787
0.385299
0.399108
0.410253
0.420219
0.426157
0.427999
0.429294
0.425183
0.419054
0.408092
0.391737
0.388223
0.388122
0.387653
0.385404
0.381574
