0.236625
0.284416
0.526692
0.688924
0.663070
0.651030
0.548323
0.328217
0.270387
0.212624
0.147824
0.126354
0.083875
0.086474
0.068118
0.057042
0.063313
0.066140
0.059732
0.054455
0.053657
0.048079
0.039484
0.032346
0.025310
0.025683
0.025014
0.023217
0.022440
0.021100
0.021139
0.018968
0.018063
0.017193
0.017373
0.017746
0.018481
0.018164
0.018197
0.019116
0.019941
0.020406
0.019532
0.020242
0.020097
0.019184
0.017967
0.016951
0.018119
0.019368
0.020098
0.020223
0.019249
0.017559
0.016540
0.015190
0.013946
0.014098
0.013673
0.012921
0.012404
0.012383
0.012624
0.012902
0.013233
0.013324
0.013282
0.013948
0.013999
0.013622
0.013070
0.012445
0.011719
0.011741
0.011494
0.010964
0.010290
0.009664
0.009352
0.009110
0.009350
0.009533
0.009574
0.009443
0.009766
0.009972
0.009985
0.009877
0.009810
0.009560
0.009371
0.009264
0.009273
0.009568
0.009992
0.010317
0.010469
0.010434
0.010242
0.009937
0.009706
0.009483
0.009282
0.008895
0.008635
0.008512
0.008652
0.008595
0.008534
0.008527
0.008315
0.008070
0.007796
0.007422
0.006963
0.006474
0.006389
0.006349
0.006289
0.006257
0.006199
