1.142121
1.170757
1.318545
1.298241
1.806528
1.677738
2.298814
1.818567
1.967865
2.108533
2.574695
3.010410
3.238458
3.402895
3.374665
3.192550
2.972795
2.763086
2.500870
2.233290
1.995310
1.822641
1.676700
1.515158
1.345887
1.188460
1.069046
0.979440
0.890791
0.805820
0.728538
0.662241
0.602931
0.551486
0.505521
0.466381
0.431104
0.399511
0.377539
0.358146
0.341230
0.326256
0.311970
0.297418
0.283580
0.270880
0.259401
0.249233
0.239711
0.230501
0.221400
0.212819
0.205108
0.197861
0.190790
0.184162
0.178060
0.172124
0.166192
0.160410
0.154666
0.148736
0.142608
0.136753
0.131475
0.126681
0.122162
0.117803
0.113528
0.109218
0.104811
0.100404
0.096208
0.092413
0.090818
0.089550
0.087219
0.083850
0.079660
0.076679
0.074235
0.071696
0.069160
0.066751
0.064558
0.062598
0.060842
0.059210
0.057647
0.056133
0.054672
0.053271
0.051923
0.050617
0.049306
0.047969
0.046626
0.046110
0.045570
0.044978
0.044325
0.043626
0.042912
0.042214
0.041561
0.040967
0.040430
0.039938
0.039470
0.039007
0.038532
0.038039
0.037527
0.037004
0.036480
0.035963
0.035461
0.034977
0.034509
0.034054
0.033607
