1.826305
1.852445
1.915622
2.284417
2.920510
3.355537
4.761211
5.346372
5.453776
6.126920
10.065376
8.871777
4.672220
3.672290
2.819847
2.193828
1.938225
1.621163
1.806097
1.866161
1.936796
2.061725
2.240444
2.293883
2.356084
2.337589
2.162256
2.019743
1.864487
1.682032
1.505179
1.347281
1.311808
1.292218
1.276633
1.222244
1.157971
1.110785
1.064828
1.014953
0.954543
0.865499
0.798675
0.683627
0.569869
0.528359
0.492392
0.474058
0.458809
0.429001
0.397816
0.363238
0.315491
0.328244
0.338935
0.333797
0.313033
0.328231
0.334695
0.322910
0.302069
0.279159
0.257317
0.234643
0.219645
0.212593
0.200333
0.188162
0.181269
0.180604
0.183197
0.185398
0.185699
0.184423
0.182431
0.180017
0.176738
0.172061
0.165990
0.159146
0.152382
0.146311
0.141082
0.136483
0.132196
0.128032
0.123994
0.120197
0.116734
0.113581
0.110595
0.107581
0.104401
0.101041
0.097631
0.094400
0.091597
0.089410
0.087911
0.087038
0.086621
0.086429
0.086228
0.085829
0.085124
0.084089
0.082783
0.081315
0.079810
0.078393
0.077160
0.076167
0.075433
0.074937
0.074638
0.074476
0.074391
0.074328
0.074245
0.074112
0.073912
