0.494512
0.509656
0.668550
1.556922
0.891040
1.830838
1.183466
0.957594
1.086602
1.312115
1.446759
1.826629
1.677486
1.269858
1.506004
1.329004
0.994522
0.935914
0.960205
1.045994
1.185394
1.284173
1.322811
1.309469
1.271757
1.127860
0.939743
0.752793
0.639116
0.612153
0.610699
0.623891
0.594846
0.528439
0.446832
0.392681
0.358568
0.359732
0.356103
0.375265
0.402486
0.404921
0.374347
0.357308
0.322900
0.297408
0.276160
0.271464
0.273531
0.266360
0.256121
0.247427
0.239480
0.232596
0.221910
0.224688
0.218043
0.198379
0.186416
0.174157
0.156649
0.139636
0.134496
0.130661
0.124997
0.115354
0.110321
0.107196
0.100941
0.093380
0.086378
0.080910
0.077257
0.075069
0.075207
0.074164
0.072759
0.071236
0.069345
0.066789
0.067624
0.068069
0.068276
0.068490
0.068848
0.069320
0.069768
0.070053
0.070114
0.069971
0.069582
0.068911
0.067865
0.066321
0.064239
0.061498
0.058164
0.054406
0.050468
0.046614
0.043071
0.040810
0.039212
0.038475
0.037719
0.037027
0.036430
0.035886
0.035314
0.034650
0.033849
0.032907
0.031841
0.030667
0.029434
0.028198
0.027008
0.025902
0.024907
0.024033
0.024067
