0.497863
0.525229
0.735122
1.236268
2.220475
1.289681
1.182445
0.800630
0.756708
0.653432
0.343690
0.265146
0.302321
0.249628
0.202844
0.235794
0.162497
0.113403
0.096811
0.084242
0.077935
0.089419
0.094701
0.100565
0.098996
0.094041
0.096987
0.096335
0.100951
0.099830
0.102658
0.106051
0.109749
0.112452
0.107859
0.098779
0.087084
0.084582
0.079856
0.076901
0.075524
0.069029
0.059104
0.055819
0.052174
0.049156
0.047717
0.045953
0.043790
0.041459
0.039476
0.037805
0.035700
0.033459
0.031940
0.031486
0.031209
0.030446
0.029357
0.028300
0.027035
0.025926
0.024382
0.022490
0.020629
0.019704
0.018721
0.017574
0.016427
0.015544
0.014756
0.014242
0.013833
0.013144
0.012448
0.012183
0.012388
0.012496
0.012322
0.011800
0.010982
0.009972
0.009266
0.009398
0.009563
0.009679
0.009775
0.009878
0.010510
0.011158
0.011722
0.012115
0.012109
0.011694
0.010932
0.010485
0.009865
0.009163
0.009165
0.009465
0.009724
0.009933
0.010071
0.010108
0.010028
0.009837
0.009712
0.009554
0.009388
0.009256
0.009183
0.009149
0.009111
0.009519
0.010171
0.010849
0.011602
0.012243
0.012690
0.012889
0.012933
