0.425272
0.463338
0.789826
1.430072
1.801590
1.407657
0.568165
0.517871
0.461304
0.293828
0.221026
0.149924
0.108114
0.094158
0.084625
0.076166
0.072848
0.069543
0.076952
0.087695
0.078908
0.064739
0.050592
0.049321
0.047883
0.046081
0.045660
0.044009
0.045075
0.045634
0.046521
0.047815
0.044616
0.040663
0.036918
0.033824
0.032955
0.031909
0.031387
0.029218
0.026213
0.022921
0.023242
0.024691
0.023184
0.020280
0.018545
0.019028
0.020786
0.022531
0.023315
0.023040
0.022871
0.022560
0.022012
0.021737
0.021946
0.022700
0.023850
0.024862
0.025913
0.026263
0.025623
0.024252
0.023187
0.022385
0.021205
0.021458
0.020996
0.019866
0.018682
0.018013
0.017271
0.016713
0.016518
0.016569
0.016880
0.017355
0.017064
0.016051
0.014708
0.013482
0.012653
0.012298
0.012346
0.012640
0.012977
0.013160
0.013062
0.012686
0.012556
0.012372
0.013065
0.013517
0.013805
0.013906
0.013839
0.013594
0.013241
0.012801
0.012442
0.012153
0.011970
0.011881
0.011832
0.011743
0.011574
0.011328
0.011045
0.010755
0.010466
0.010173
0.009864
0.009610
0.009403
0.009137
0.008821
0.008474
0.008153
0.008398
0.008642
