0.295344
0.316070
0.333121
0.406899
0.659636
0.635325
0.643298
0.618693
0.818989
0.906552
1.018106
0.952504
0.947810
0.775992
0.687770
0.658045
0.592837
0.471803
0.428291
0.381578
0.312468
0.268745
0.251632
0.236528
0.217098
0.197021
0.183066
0.177631
0.170382
0.158268
0.146374
0.139824
0.133136
0.135527
0.136416
0.120942
0.097008
0.090429
0.092837
0.093246
0.095088
0.107486
0.108456
0.105705
0.111707
0.108691
0.101839
0.090044
0.075089
0.065000
0.063206
0.060542
0.057633
0.054167
0.052441
0.050485
0.048268
0.045675
0.043064
0.040736
0.038660
0.036921
0.035633
0.034615
0.033470
0.031937
0.030077
0.028152
0.026406
0.025582
0.025871
0.027192
0.028234
0.028764
0.028611
0.027847
0.026574
0.025029
0.023423
0.022401
0.022806
0.022774
0.022338
0.021588
0.021160
0.021274
0.021083
0.020590
0.020035
0.019333
0.019090
0.018739
0.018542
0.018212
0.018178
0.018710
0.018997
0.019113
0.019191
0.019149
0.019042
0.018909
0.018761
0.018596
0.018381
0.018062
0.017624
0.017009
0.016545
0.016554
0.016340
0.015923
0.015477
0.015475
0.015521
0.015360
0.015016
0.014508
0.013865
0.013185
0.012596
