1.450884
1.464615
1.660772
1.826935
2.037888
2.964038
3.474806
4.608582
6.441922
6.174969
4.675268
3.179821
2.091270
1.550125
1.181741
0.968622
0.885702
0.800356
0.772869
0.771343
0.710544
0.632796
0.659071
0.670802
0.672358
0.661988
0.638955
0.595801
0.535103
0.470816
0.406749
0.364847
0.333975
0.305300
0.277263
0.248504
0.220134
0.203292
0.187235
0.171923
0.157106
0.147439
0.140628
0.135700
0.130504
0.124851
0.119180
0.114042
0.108747
0.103452
0.099061
0.095915
0.093461
0.090771
0.087479
0.084054
0.081059
0.078716
0.076945
0.075497
0.074311
0.073526
0.072986
0.072106
0.070583
0.068640
0.066746
0.065242
0.064234
0.063623
0.063202
0.062752
0.062135
0.061308
0.060300
0.059188
0.058081
0.057078
0.056221
0.055462
0.054704
0.053860
0.052912
0.051914
0.050943
0.050058
0.049271
0.048558
0.047880
0.047200
0.046487
0.045714
0.044851
0.043878
0.042790
0.041611
0.040395
0.039209
0.038117
0.037159
0.036339
0.035624
0.034952
0.034258
0.033484
0.032600
0.031602
0.030516
0.029388
0.028268
0.027205
0.026234
0.025376
0.024760
0.024978
0.025079
0.025084
0.025009
0.024871
0.024683
0.024454
