0.525594
0.554500
1.547578
1.455434
2.558597
2.043896
1.252038
0.990218
0.662745
0.579643
0.451719
0.449482
0.503046
0.463023
0.490845
0.438260
0.285538
0.271214
0.228507
0.214014
0.222080
0.220764
0.175642
0.152417
0.161161
0.180807
0.184348
0.167976
0.157375
0.152540
0.122907
0.097821
0.084005
0.082087
0.081390
0.083819
0.076041
0.070361
0.070067
0.068862
0.066326
0.064906
0.060764
0.055257
0.049217
0.043421
0.045006
0.051155
0.056599
0.058493
0.056683
0.052242
0.048714
0.045184
0.040787
0.037527
0.035163
0.036273
0.036196
0.034839
0.036094
0.036152
0.034148
0.031203
0.028101
0.027672
0.028016
0.028630
0.029627
0.030025
0.030529
0.030387
0.029551
0.028237
0.026709
0.025130
0.023889
0.023855
0.025269
0.026067
0.026025
0.025674
0.025117
0.024493
0.023656
0.022837
0.021928
0.020949
0.020152
0.019143
0.018246
0.017378
0.017528
0.017326
0.016929
0.016632
0.016006
0.015239
0.015619
0.015777
0.015732
0.016352
0.017156
0.017812
0.018353
0.018804
0.019174
0.019459
0.019644
0.019938
0.020755
0.021347
0.021620
0.021532
0.021389
0.021173
0.020586
0.020547
0.020320
0.019802
0.019039
