1.913475
1.915062
1.957118
2.176963
2.206423
2.270720
2.802361
2.514678
2.765580
3.496165
3.751100
3.083085
3.515618
4.073877
5.231858
6.448635
8.069794
11.513601
11.183372
10.013185
7.879455
7.497169
6.784999
6.000761
5.884970
5.095390
4.133374
3.389097
3.012007
2.556050
2.240880
2.190883
2.034312
2.011817
1.897153
1.788127
1.745702
1.627151
1.444665
1.221469
1.092734
1.016050
1.028743
0.980023
1.066633
1.119202
1.071928
0.961945
0.869846
0.866591
0.945607
1.038839
1.083278
1.066850
1.007101
0.918030
0.809883
0.744492
0.750856
0.736641
0.733787
0.766906
0.793783
0.808304
0.798780
0.761572
0.701060
0.624689
0.608724
0.609738
0.589769
0.541738
0.477614
0.495108
0.490126
0.464782
0.446733
0.442170
0.461795
0.484215
0.506993
0.517470
0.517548
0.510848
0.501114
0.490269
0.479598
0.468586
0.482863
0.488150
0.482855
0.486962
0.486643
0.474629
0.456564
0.435379
0.411967
0.387740
0.365366
0.347478
0.333916
0.321858
0.313586
0.304424
0.292962
0.280788
0.287568
0.301979
0.321345
0.341965
0.361796
0.377570
0.386478
0.386846
0.378724
0.363357
0.348830
0.347419
0.343533
0.336830
0.326765
