2.557307
2.574044
2.665118
2.746323
2.840488
3.232412
3.312303
3.498416
4.137767
3.622571
3.653502
4.586069
4.916294
5.952296
7.904360
9.936944
11.622784
11.456193
8.510909
8.207539
8.693152
7.366013
6.630236
6.262440
4.935803
3.494850
2.898915
2.774099
2.534017
2.419076
2.700561
2.667734
2.380506
2.051946
1.733767
1.444066
1.429454
1.346024
1.276046
1.241580
1.183543
1.035403
1.128630
1.108669
1.003861
1.013629
1.052751
1.038713
0.972646
0.873114
0.855867
0.878172
0.873181
0.947898
0.957717
0.904857
0.875459
0.795527
0.706508
0.629942
0.638664
0.667092
0.681508
0.680482
0.667188
0.646472
0.625941
0.617812
0.617518
0.600972
0.570410
0.532585
0.525597
0.558753
0.593815
0.629579
0.663813
0.687338
0.686863
0.657564
0.608459
0.583548
0.578340
0.590245
0.579738
0.543564
0.508337
0.495860
0.521873
0.539221
0.557408
0.572919
0.585062
0.596172
0.607570
0.651947
0.676528
0.674579
0.648083
0.628871
0.612023
0.603617
0.582706
0.550853
0.511267
0.471846
0.454986
0.475563
0.488921
0.489467
0.486558
0.481887
0.466153
0.462419
0.455313
0.442746
0.428049
0.414103
0.402709
0.394303
0.387943
