0.439486
0.454508
0.531409
0.739356
1.324625
2.282779
1.432858
0.916190
1.015077
0.474912
0.389724
0.362046
0.476092
0.295618
0.261007
0.257522
0.280320
0.274286
0.255793
0.221365
0.232856
0.227394
0.247518
0.226614
0.186517
0.171562
0.156650
0.140196
0.149543
0.159886
0.176240
0.182716
0.209404
0.215612
0.208390
0.188129
0.169840
0.147046
0.133366
0.123206
0.115682
0.113108
0.110100
0.104746
0.100367
0.093425
0.095215
0.099697
0.101383
0.096853
0.088027
0.077457
0.067697
0.060606
0.055960
0.052854
0.050183
0.051418
0.051078
0.051667
0.054829
0.058645
0.060619
0.060838
0.059652
0.057316
0.055687
0.054722
0.053028
0.055810
0.058216
0.059894
0.061101
0.061902
0.062579
0.063211
0.063695
0.063770
0.065392
0.066341
0.066081
0.064731
0.063903
0.062893
0.061278
0.059728
0.061719
0.063000
0.063533
0.063368
0.062474
0.060992
0.060573
0.061902
0.063150
0.063986
0.064458
0.064569
0.065323
0.066002
0.066484
0.067355
0.067925
0.068107
0.067991
0.067485
0.067283
0.067228
0.066837
0.066086
0.064969
0.063519
0.061778
0.059833
0.058306
0.057014
0.058261
0.059075
0.059231
0.058736
0.058034
