0.095617
0.098932
0.102366
0.158076
0.210951
0.377677
0.287562
0.312038
0.253972
0.261433
0.175441
0.180251
0.163048
0.150058
0.131049
0.109969
0.125422
0.119159
0.127340
0.130325
0.112849
0.104313
0.107847
0.101106
0.108854
0.094751
0.088890
0.084510
0.083123
0.089292
0.090938
0.100318
0.089066
0.083311
0.084062
0.078432
0.077853
0.070290
0.066313
0.064070
0.056594
0.062383
0.064574
0.062966
0.059991
0.056563
0.055178
0.057257
0.055561
0.053612
0.055492
0.052427
0.053174
0.052737
0.051795
0.049321
0.044387
0.038722
0.039118
0.040487
0.040631
0.039398
0.037466
0.036886
0.037604
0.038191
0.039946
0.040389
0.038981
0.036886
0.034560
0.032817
0.032891
0.032726
0.033323
0.032776
0.031256
0.028945
0.026910
0.027803
0.028744
0.029320
0.029100
0.028069
0.026360
0.024277
0.022142
0.020246
0.019185
0.018431
0.018106
0.017782
0.017461
0.017156
0.017531
0.018595
0.019210
0.019254
0.018716
0.017729
0.016861
0.016275
0.017307
0.018217
0.019046
0.019746
0.020272
0.020614
0.020804
0.020910
0.020888
0.020770
0.020636
0.020420
0.020076
0.019696
0.020676
0.021372
0.021785
0.021921
0.022076
