0.577283
0.579224
0.588445
0.605149
0.615971
0.646375
0.731206
0.719735
0.797566
0.934541
1.180061
1.528066
1.747501
1.432466
1.660601
1.669311
1.581985
1.333138
1.157945
1.129576
1.108871
1.092427
1.297591
1.495480
1.400865
1.297261
1.144719
1.269071
1.234080
1.187974
1.105095
1.061746
1.093294
1.117656
1.188921
1.182297
1.165540
1.137980
1.077639
1.133900
1.229758
1.214757
1.175988
1.110732
1.075831
1.176542
1.207278
1.169385
1.092729
1.011131
0.965750
0.950111
0.995544
1.009800
0.995344
0.933197
0.839944
0.755437
0.703129
0.681257
0.697902
0.733592
0.769093
0.795667
0.809042
0.812247
0.827210
0.866993
0.881058
0.867568
0.832976
0.778794
0.718844
0.663771
0.612774
0.551676
0.522870
0.526659
0.538558
0.548233
0.557061
0.569376
0.576036
0.569226
0.542838
0.552083
0.573244
0.590907
0.599797
0.596419
0.580635
0.555516
0.527658
0.503330
0.482929
0.461650
0.441189
0.413023
0.382458
0.376376
0.366657
0.353931
0.339147
0.346338
0.357777
0.370713
0.382327
0.389977
0.393025
0.397412
0.401262
0.403910
0.404619
0.402455
0.397431
0.390354
0.382359
0.374367
0.367313
0.362189
0.359723
