0.460905
0.462758
0.467418
0.505403
0.495123
0.473375
0.515654
0.588430
0.715022
0.787415
1.136474
1.477533
1.621450
1.853906
1.477036
1.757538
1.320729
1.163055
0.994616
1.050629
0.984130
0.887348
0.981356
1.240599
1.279878
1.163133
1.036642
0.930102
1.042426
1.167893
1.192978
1.136356
1.037295
1.000149
0.996671
0.939745
0.954891
0.846585
0.786407
0.912306
0.963238
0.957732
0.876600
0.775542
0.776923
0.798635
0.882173
0.937067
0.947140
0.914260
0.847740
0.766146
0.710144
0.762347
0.791597
0.799071
0.795201
0.766245
0.754456
0.720039
0.703452
0.669175
0.637153
0.609595
0.613422
0.614177
0.610984
0.616098
0.639865
0.678759
0.710430
0.710215
0.672021
0.612979
0.579197
0.555443
0.528868
0.513945
0.513112
0.510293
0.499949
0.479766
0.450150
0.419360
0.418370
0.426123
0.449735
0.469768
0.486814
0.503580
0.522491
0.543401
0.563735
0.578761
0.586274
0.584232
0.571511
0.551011
0.532393
0.515018
0.499689
0.492622
0.496839
0.503850
0.511565
0.517503
0.520289
0.519978
0.517335
0.521491
0.528961
0.535808
0.541155
0.544282
0.545023
0.544110
0.542895
0.542299
0.542565
0.543650
0.544687
