0.307595
0.310885
0.329990
0.363959
0.411456
0.443920
0.612669
0.696159
0.740264
0.691914
0.647841
0.826329
1.001904
0.983571
0.905997
0.860990
0.887843
0.681496
0.720462
0.862979
0.700996
0.664896
0.656464
0.621178
0.596798
0.541070
0.473323
0.409990
0.413820
0.410411
0.413414
0.392227
0.419371
0.458774
0.518761
0.576126
0.612956
0.624190
0.599958
0.523917
0.417763
0.375148
0.339392
0.343053
0.355646
0.353119
0.366133
0.358594
0.329054
0.292548
0.258699
0.234321
0.234938
0.258556
0.277336
0.291010
0.299675
0.304376
0.305056
0.299702
0.288692
0.274296
0.258251
0.243516
0.233395
0.233021
0.228788
0.223320
0.219923
0.220519
0.224038
0.229291
0.231225
0.229592
0.226167
0.223319
0.219694
0.214977
0.208941
0.201183
0.191720
0.181023
0.169698
0.158162
0.157012
0.157755
0.159111
0.161301
0.164080
0.166716
0.168226
0.167777
0.165112
0.175327
0.184663
0.191509
0.197147
0.200261
0.202408
0.202392
0.202453
0.200517
0.200247
0.197905
0.192838
0.185318
0.175995
0.165194
0.153878
0.142933
0.132941
0.124230
0.117062
0.111578
0.110151
0.112575
0.113270
0.115064
0.116011
0.115550
0.113846
