0.271429
0.274126
0.298125
0.339520
0.592315
0.509962
0.584061
0.766124
0.764681
1.042273
0.803447
0.907474
0.868237
1.039615
1.191180
0.887754
0.760004
0.670961
0.625620
0.589108
0.581017
0.587178
0.500203
0.437888
0.463253
0.534629
0.626924
0.588329
0.549505
0.511775
0.402615
0.344928
0.273918
0.261922
0.262544
0.250553
0.233618
0.223996
0.222765
0.223002
0.215199
0.209068
0.196295
0.184439
0.179373
0.177238
0.175312
0.174295
0.173816
0.172798
0.165984
0.153174
0.139374
0.132669
0.125437
0.116788
0.107613
0.098713
0.089847
0.080270
0.071693
0.066122
0.057655
0.051790
0.049815
0.048189
0.046086
0.044503
0.041953
0.038833
0.036928
0.036500
0.036627
0.036899
0.036858
0.036213
0.035240
0.036209
0.036524
0.035950
0.037356
0.040194
0.042510
0.044236
0.045254
0.045266
0.043958
0.042867
0.042158
0.041642
0.043594
0.045655
0.048089
0.049304
0.049216
0.048651
0.047616
0.045789
0.043264
0.043784
0.044055
0.044074
0.043901
0.043630
0.043365
0.043145
0.042990
0.042875
0.042768
0.042563
0.042177
0.041592
0.040749
0.039663
0.038499
0.039606
0.040785
0.041996
0.043581
0.044918
0.045913
