0.388787
0.397199
0.461386
0.432091
0.563443
0.777447
0.944907
1.393209
1.288679
1.137910
1.016488
0.746712
0.904673
1.130621
1.405973
1.285416
0.964162
0.962023
0.957578
0.863716
0.927205
0.862198
0.849066
0.694131
0.548083
0.477801
0.460735
0.409793
0.325726
0.285204
0.262417
0.237751
0.252504
0.299840
0.316253
0.288637
0.257838
0.223006
0.232495
0.243054
0.247537
0.243314
0.225459
0.195410
0.167052
0.161335
0.163830
0.158638
0.144907
0.128177
0.112892
0.110596
0.109684
0.107072
0.109437
0.111164
0.103858
0.091318
0.079165
0.071741
0.075278
0.077170
0.077367
0.077011
0.076426
0.075431
0.073615
0.070542
0.070503
0.068724
0.065282
0.061726
0.058800
0.056507
0.054875
0.053820
0.052983
0.051690
0.049331
0.048917
0.049526
0.049724
0.050342
0.051786
0.053011
0.054212
0.055489
0.056728
0.057780
0.058492
0.058706
0.058488
0.057871
0.057039
0.056214
0.055536
0.055003
0.054547
0.054051
0.053430
0.052625
0.051596
0.052954
0.055844
0.058386
0.060611
0.062415
0.064656
0.066587
0.067925
0.068648
0.068760
0.068380
0.067524
0.066272
0.065644
0.065810
0.065855
0.065735
0.065402
0.065672
