0.002175
0.002308
0.002705
0.002967
0.003337
0.003389
0.003225
0.002598
0.002738
0.002658
0.003142
0.004660
0.004850
0.004122
0.003171
0.002788
0.002603
0.002764
0.003650
0.003759
0.003066
0.003038
0.003098
0.003707
0.004004
0.003872
0.003157
0.002934
0.002950
0.002984
0.003006
0.003026
0.003706
0.004130
0.004264
0.004240
0.004164
0.003955
0.003585
0.003272
0.002977
0.002641
0.002288
0.001945
0.001682
0.001587
0.001500
0.001419
0.001343
0.001273
0.001206
0.001260
0.001434
0.001561
0.001639
0.001687
0.001721
0.001763
0.001768
0.001683
0.001531
0.001524
0.001453
0.001433
0.001434
0.001423
0.001361
0.001290
0.001388
0.001442
0.001443
0.001397
0.001317
0.001217
0.001112
0.001080
0.001037
0.000994
0.000956
0.000923
0.000892
0.000860
0.000818
0.000760
0.000727
0.000680
0.000625
0.000563
0.000510
0.000515
0.000518
0.000520
0.000506
0.000478
0.000440
0.000400
0.000363
0.000346
0.000339
0.000330
0.000321
0.000313
0.000304
0.000302
0.000308
0.000312
0.000315
0.000316
0.000325
0.000336
0.000345
0.000352
0.000358
0.000361
0.000363
0.000364
0.000364
0.000364
0.000364
0.000372
0.000396
