0.000912
0.001035
0.001935
0.002427
0.001929
0.001769
0.002524
0.002152
0.001813
0.002032
0.002338
0.001928
0.001938
0.001961
0.001848
0.001723
0.001651
0.001487
0.001770
0.002121
0.001992
0.001744
0.001836
0.001998
0.002259
0.002383
0.002232
0.001829
0.001517
0.001506
0.001542
0.001556
0.001626
0.001859
0.002270
0.002722
0.002688
0.002275
0.001925
0.001602
0.001467
0.001438
0.001360
0.001260
0.001168
0.001049
0.000994
0.000945
0.000901
0.000998
0.001066
0.001109
0.001186
0.001266
0.001275
0.001388
0.001503
0.001647
0.001746
0.001772
0.001737
0.001657
0.001544
0.001523
0.001526
0.001485
0.001451
0.001405
0.001349
0.001298
0.001275
0.001216
0.001177
0.001287
0.001378
0.001439
0.001463
0.001455
0.001419
0.001365
0.001298
0.001219
0.001133
0.001045
0.000976
0.000919
0.000861
0.000804
0.000750
0.000702
0.000659
0.000622
0.000603
0.000604
0.000589
0.000561
0.000524
0.000497
0.000486
0.000466
0.000450
0.000435
0.000421
0.000405
0.000389
0.000372
0.000356
0.000340
0.000322
0.000307
0.000293
0.000280
0.000268
0.000258
0.000251
0.000245
0.000246
0.000249
0.000255
0.000262
0.000269
