0.000839
0.001214
0.001797
0.002112
0.002310
0.002111
0.002851
0.002342
0.001919
0.001807
0.001616
0.001654
0.001530
0.001867
0.001764
0.001521
0.001344
0.001634
0.001719
0.001432
0.001654
0.002014
0.001814
0.001618
0.001427
0.001525
0.001658
0.002036
0.002158
0.002054
0.001819
0.001509
0.001439
0.001284
0.001132
0.001125
0.001187
0.001385
0.001496
0.001500
0.001436
0.001352
0.001195
0.001206
0.001216
0.001129
0.000987
0.000853
0.000812
0.000808
0.000810
0.000813
0.000815
0.000783
0.000744
0.000739
0.000782
0.000800
0.000778
0.000729
0.000675
0.000658
0.000701
0.000733
0.000741
0.000741
0.000753
0.000775
0.000786
0.000780
0.000758
0.000724
0.000685
0.000650
0.000618
0.000591
0.000573
0.000552
0.000540
0.000537
0.000548
0.000565
0.000592
0.000626
0.000663
0.000692
0.000705
0.000703
0.000688
0.000666
0.000641
0.000644
0.000642
0.000639
0.000641
0.000650
0.000667
0.000686
0.000704
0.000719
0.000732
0.000743
0.000753
0.000758
0.000759
0.000753
0.000738
0.000711
0.000672
0.000656
0.000689
0.000718
0.000739
0.000754
0.000764
0.000771
0.000777
0.000783
0.000787
0.000788
0.000786
