0.011573
0.011663
0.012351
0.013255
0.015085
0.016863
0.018397
0.018566
0.020103
0.019791
0.018861
0.020436
0.023629
0.028919
0.023955
0.025631
0.033098
0.032597
0.032998
0.030687
0.028918
0.026591
0.023570
0.026876
0.031993
0.037304
0.034702
0.034731
0.036460
0.036500
0.033012
0.028008
0.026375
0.023445
0.025416
0.031001
0.033497
0.032715
0.033319
0.031948
0.028287
0.024946
0.023412
0.021951
0.020261
0.020119
0.019882
0.018409
0.016146
0.014537
0.013267
0.012665
0.012640
0.012925
0.014719
0.016743
0.018238
0.018877
0.018475
0.017142
0.015737
0.016178
0.016713
0.017298
0.018164
0.018711
0.020385
0.021646
0.022245
0.022009
0.020906
0.019479
0.018437
0.016951
0.015155
0.015238
0.015315
0.015272
0.015073
0.014680
0.014057
0.013189
0.012264
0.011726
0.011052
0.011814
0.012307
0.012639
0.012885
0.013042
0.013078
0.012952
0.012636
0.012114
0.011398
0.011115
0.011366
0.011377
0.011175
0.010814
0.010374
0.009915
0.009460
0.009004
0.008527
0.008141
0.008052
0.007903
0.007699
0.007446
0.007254
0.007153
0.007331
0.007503
0.007610
0.007881
0.008020
0.008025
0.007919
0.007736
0.007512
