0.012993
0.013204
0.013879
0.015164
0.015839
0.017410
0.018064
0.027346
0.037426
0.036234
0.034531
0.034116
0.038241
0.037481
0.036893
0.041619
0.034341
0.027040
0.027880
0.027184
0.026664
0.026379
0.023322
0.025615
0.028368
0.028204
0.033288
0.038389
0.035688
0.033144
0.034206
0.036844
0.033483
0.036867
0.040820
0.044439
0.047713
0.047944
0.044916
0.040239
0.037832
0.035045
0.032343
0.030498
0.029015
0.026906
0.025566
0.024427
0.023455
0.022196
0.021208
0.020629
0.019735
0.018159
0.016753
0.015183
0.014832
0.014297
0.013662
0.012978
0.012272
0.011580
0.011231
0.010988
0.010429
0.009735
0.009714
0.009987
0.009979
0.009658
0.009337
0.009283
0.009529
0.009910
0.010324
0.010785
0.011287
0.011933
0.012387
0.012469
0.012060
0.011184
0.010016
0.008932
0.008992
0.008842
0.008545
0.008150
0.007677
0.007481
0.007351
0.007199
0.006993
0.006889
0.007065
0.007313
0.007542
0.007687
0.007726
0.007668
0.007528
0.007318
0.007103
0.006859
0.006578
0.006591
0.006878
0.007116
0.007336
0.007539
0.007691
0.007747
0.007665
0.007971
0.008268
0.008523
0.008756
0.008980
0.009199
0.009410
0.009601
