0.023738
0.023885
0.025220
0.026701
0.029707
0.030755
0.029248
0.036580
0.037890
0.047133
0.060011
0.061495
0.055114
0.057640
0.056538
0.061504
0.056611
0.055810
0.061836
0.067925
0.071883
0.083219
0.084695
0.082615
0.091013
0.092750
0.099506
0.088676
0.088494
0.079068
0.067772
0.071537
0.066697
0.059506
0.060619
0.059028
0.057832
0.054944
0.053520
0.060910
0.068235
0.069618
0.063318
0.056581
0.053829
0.053480
0.053626
0.054007
0.055880
0.057418
0.056121
0.050364
0.042564
0.041792
0.040044
0.037633
0.034502
0.031018
0.028204
0.026519
0.025177
0.024048
0.022914
0.022577
0.021280
0.019245
0.019195
0.019053
0.018731
0.018413
0.019577
0.020719
0.021460
0.021566
0.020994
0.020104
0.019705
0.019375
0.018724
0.018396
0.018976
0.019195
0.019044
0.018535
0.017709
0.016607
0.015302
0.013925
0.013177
0.012884
0.012594
0.012334
0.012110
0.011914
0.011709
0.011469
0.011175
0.011070
0.011126
0.011061
0.010878
0.010572
0.010156
0.010266
0.010526
0.010897
0.011340
0.011812
0.012288
0.012705
0.013008
0.013171
0.013204
0.013331
0.013340
0.013214
0.012964
0.012611
0.012184
0.011717
0.011241
