0.423764
0.458834
0.621800
1.246870
2.604872
1.369884
1.301444
0.940488
0.653243
0.731314
0.566232
0.562400
0.545117
0.459843
0.430011
0.299224
0.269422
0.304267
0.338528
0.355079
0.346688
0.350492
0.338847
0.309062
0.289714
0.306837
0.310938
0.260008
0.195505
0.174554
0.167387
0.156620
0.142755
0.129486
0.117069
0.104658
0.095237
0.089115
0.082369
0.072862
0.062733
0.061014
0.063347
0.063280
0.059343
0.055985
0.051828
0.045705
0.040042
0.040793
0.041277
0.041257
0.040880
0.040284
0.039871
0.039499
0.038832
0.037838
0.037020
0.035951
0.033822
0.031271
0.028830
0.026748
0.025956
0.025866
0.025826
0.025674
0.025244
0.024472
0.023536
0.022706
0.022108
0.021586
0.020874
0.019829
0.018518
0.017131
0.017038
0.016933
0.016657
0.016292
0.015844
0.015484
0.015077
0.014621
0.014264
0.014609
0.014815
0.014989
0.015254
0.015690
0.016264
0.016952
0.017708
0.018479
0.019228
0.019894
0.020428
0.020800
0.020997
0.021924
0.022940
0.023762
0.024367
0.024728
0.024822
0.024638
0.024186
0.023495
0.022628
0.022817
0.023118
0.023232
0.023247
0.023265
0.023051
0.022587
0.022459
0.022105
0.021579
