0.344414
0.366038
0.526176
0.709907
1.221568
1.145749
0.704973
0.712169
0.620000
0.686040
0.469960
0.430510
0.537486
0.541070
0.434934
0.374306
0.383241
0.426657
0.462737
0.476426
0.465298
0.450947
0.436074
0.412781
0.383671
0.368897
0.339183
0.315111
0.299353
0.286585
0.269381
0.250739
0.233100
0.215148
0.198892
0.186168
0.175019
0.160822
0.143258
0.127061
0.119045
0.113714
0.108746
0.101731
0.092355
0.082042
0.074799
0.071065
0.070965
0.071053
0.067827
0.061507
0.063081
0.064138
0.063878
0.062148
0.059153
0.055666
0.052353
0.049416
0.046864
0.044703
0.043011
0.041842
0.041215
0.041092
0.041172
0.041001
0.040411
0.039571
0.038653
0.037679
0.036670
0.035727
0.034925
0.034243
0.033630
0.033077
0.032616
0.032265
0.032013
0.031841
0.031724
0.031621
0.031468
0.031211
0.030840
0.030391
0.029921
0.029458
0.028981
0.028437
0.027770
0.026951
0.025986
0.025342
0.024401
0.023209
0.023053
0.023060
0.023006
0.022684
0.022164
0.021539
0.020828
0.020207
0.019464
0.019098
0.019394
0.019636
0.019861
0.020081
0.020287
0.020442
0.020490
0.020365
0.020030
0.019692
0.019504
0.019239
0.018914
