0.041408
0.042305
0.045802
0.057603
0.067085
0.067002
0.068136
0.076995
0.075176
0.083081
0.091644
0.106993
0.106988
0.109441
0.105339
0.102443
0.109878
0.088776
0.077152
0.075654
0.079078
0.092669
0.091173
0.075892
0.069803
0.071424
0.063289
0.071223
0.074951
0.074489
0.074490
0.076952
0.089073
0.098871
0.105798
0.109717
0.111534
0.110912
0.108341
0.104152
0.096518
0.086385
0.083584
0.077762
0.072553
0.071738
0.074653
0.074671
0.071211
0.068675
0.068833
0.070394
0.071071
0.068837
0.063863
0.057868
0.051826
0.047607
0.045335
0.044082
0.040590
0.035795
0.032652
0.033228
0.033483
0.033096
0.031955
0.030304
0.028615
0.027109
0.025562
0.023844
0.023448
0.024234
0.024260
0.024775
0.025689
0.025810
0.025082
0.024665
0.023411
0.021661
0.019856
0.018584
0.017563
0.017494
0.017192
0.016603
0.015733
0.014714
0.014137
0.013923
0.013582
0.013240
0.013323
0.013242
0.013066
0.012852
0.012640
0.012827
0.013526
0.014281
0.015065
0.015839
0.016553
0.017171
0.017665
0.018021
0.018241
0.018329
0.018295
0.018145
0.017866
0.018118
0.018454
0.018724
0.018878
0.018892
0.018744
0.018439
0.017989
