0.207889
0.236544
0.319820
0.433397
0.497826
0.634676
0.579954
0.568387
0.346267
0.318663
0.311850
0.310143
0.293972
0.257197
0.243815
0.245373
0.232929
0.234511
0.278290
0.271669
0.232018
0.221024
0.216917
0.231672
0.199843
0.240159
0.306832
0.346090
0.355306
0.350541
0.306316
0.237271
0.232657
0.220737
0.201955
0.205742
0.236473
0.249024
0.257388
0.252332
0.239177
0.219159
0.189751
0.165490
0.155410
0.155081
0.168640
0.186697
0.196391
0.191032
0.177871
0.163550
0.161993
0.166923
0.174438
0.183199
0.189025
0.196828
0.224691
0.243132
0.247051
0.240907
0.228060
0.207619
0.197835
0.193390
0.193700
0.195051
0.202818
0.212840
0.226747
0.239112
0.246487
0.248932
0.262745
0.276488
0.283371
0.282815
0.274898
0.260248
0.240459
0.219649
0.204776
0.214798
0.225665
0.233350
0.235628
0.232207
0.224261
0.212992
0.199141
0.183294
0.166378
0.150504
0.147457
0.145687
0.141658
0.143894
0.152525
0.161207
0.168799
0.174131
0.176262
0.174908
0.170583
0.164427
0.164025
0.165589
0.166804
0.169047
0.172788
0.176199
0.178956
0.180645
0.180836
0.179194
0.175522
0.169848
0.162045
0.156329
0.148963
