0.228245
0.230054
0.264882
0.367683
0.490893
0.750942
0.578604
0.547312
0.333102
0.322552
0.289781
0.370825
0.446050
0.461028
0.363135
0.307815
0.406414
0.349587
0.270254
0.254986
0.235224
0.221700
0.219294
0.227935
0.258110
0.324552
0.352287
0.325399
0.301113
0.287692
0.294048
0.296016
0.277011
0.258055
0.262919
0.268894
0.251298
0.225179
0.222639
0.210622
0.203933
0.215363
0.205788
0.204787
0.210673
0.206001
0.211989
0.214418
0.219544
0.235133
0.236467
0.241016
0.243709
0.239622
0.233863
0.230887
0.225964
0.217522
0.218197
0.218414
0.225668
0.243566
0.264766
0.290702
0.310930
0.319690
0.321097
0.313061
0.298597
0.319427
0.336426
0.343687
0.341036
0.331037
0.316574
0.303390
0.293266
0.281478
0.267974
0.251995
0.235826
0.234896
0.230361
0.234894
0.235139
0.228441
0.217972
0.208908
0.201484
0.188737
0.171213
0.168548
0.165334
0.158595
0.150375
0.143389
0.144520
0.145550
0.146244
0.146491
0.146206
0.146563
0.145178
0.147916
0.152587
0.155997
0.157953
0.158520
0.158157
0.157320
0.156115
0.154136
0.150773
0.145690
0.138939
0.131770
0.136121
0.141408
0.147209
0.153012
0.158222
