0.504210
0.560716
0.759381
1.251567
1.780329
1.717962
2.052665
1.376448
0.993373
0.678253
0.518153
0.411955
0.373137
0.327204
0.335878
0.288676
0.349302
0.439668
0.336183
0.315185
0.285957
0.249614
0.268590
0.308643
0.316190
0.321551
0.299452
0.257382
0.226884
0.196788
0.158070
0.150664
0.144984
0.136672
0.124285
0.106950
0.113314
0.111732
0.104887
0.099141
0.086548
0.074769
0.068256
0.059734
0.051259
0.048164
0.045216
0.041766
0.038509
0.035771
0.034167
0.033082
0.031823
0.029687
0.028860
0.027199
0.026217
0.025216
0.023538
0.021365
0.019465
0.018688
0.018652
0.019758
0.021122
0.022241
0.022723
0.022455
0.021783
0.021917
0.022908
0.024239
0.024923
0.025171
0.025639
0.026469
0.027231
0.027583
0.027707
0.027590
0.027049
0.026267
0.025382
0.024465
0.023530
0.022628
0.021798
0.021052
0.020384
0.019801
0.019349
0.019103
0.019562
0.019993
0.020258
0.021110
0.022102
0.023043
0.023836
0.024416
0.024748
0.024814
0.024659
0.024401
0.023860
0.023137
0.022181
0.021227
0.020835
0.020448
0.019875
0.019189
0.018442
0.017695
0.016998
0.016382
0.015891
0.015689
0.015535
0.015421
0.015329
