0.553918
0.608662
0.893358
1.612632
2.475001
1.562545
1.260930
1.114554
1.451098
0.902654
0.612172
0.707508
0.965076
0.871684
0.798328
0.588877
0.458901
0.359164
0.353018
0.372737
0.354376
0.277975
0.216126
0.183364
0.156202
0.156868
0.174239
0.192080
0.221485
0.245809
0.255356
0.257328
0.271989
0.273882
0.264757
0.264747
0.258891
0.245553
0.227181
0.206927
0.184653
0.170563
0.158644
0.145011
0.137737
0.123045
0.113562
0.102118
0.092707
0.085577
0.078950
0.073169
0.068112
0.063633
0.059720
0.056400
0.053625
0.051279
0.049244
0.047452
0.045867
0.044451
0.043135
0.041830
0.040459
0.038991
0.037454
0.035923
0.034486
0.033211
0.032123
0.031195
0.030361
0.029537
0.028646
0.027639
0.026505
0.025276
0.024017
0.022806
0.021725
0.020841
0.020197
0.019803
0.019642
0.019670
0.019825
0.020038
0.020239
0.020368
0.020378
0.020238
0.019936
0.019476
0.018876
0.018166
0.017380
0.016988
0.016817
0.016481
0.016024
0.015505
0.014963
0.014435
0.013952
0.013530
0.013177
0.012890
0.012658
0.012463
0.012289
0.012117
0.011931
0.011719
0.011599
0.011577
0.011532
0.011463
0.011371
0.011257
0.011123
