0.523145
0.559756
0.839650
1.640660
2.221052
2.270617
1.648090
1.298804
1.195765
0.764679
0.638221
0.624132
0.895441
0.938089
0.714599
0.648563
0.443276
0.328751
0.278544
0.308523
0.308968
0.235632
0.229797
0.225797
0.242015
0.259664
0.271169
0.285400
0.304275
0.312896
0.326999
0.361091
0.396693
0.412575
0.431434
0.472573
0.486233
0.484028
0.458943
0.421331
0.385631
0.348765
0.313292
0.286558
0.260732
0.234899
0.209412
0.186668
0.167527
0.149543
0.133405
0.119836
0.108422
0.100211
0.092888
0.086327
0.080447
0.075180
0.070448
0.066164
0.062488
0.059495
0.056766
0.054645
0.052702
0.050920
0.049269
0.047716
0.046241
0.044808
0.043416
0.042082
0.040834
0.039698
0.038694
0.037825
0.037077
0.036418
0.035808
0.035202
0.034562
0.033859
0.033079
0.032225
0.031311
0.030364
0.029414
0.028496
0.027639
0.026867
0.026195
0.025632
0.025175
0.025130
0.025145
0.025143
0.025113
0.025033
0.024884
0.024642
0.024296
0.024271
0.024215
0.024110
0.023952
0.023739
0.023474
0.023163
0.022813
0.022440
0.022046
0.021636
0.021218
0.020797
0.020379
0.019966
0.019561
0.019163
0.018774
0.018392
0.018016
