0.290630
0.303565
0.475041
0.799704
1.069555
0.836487
0.662826
0.488905
0.567191
0.523553
0.437723
0.464247
0.495154
0.561764
0.406627
0.384673
0.363627
0.301653
0.228900
0.213746
0.201159
0.190631
0.215781
0.292637
0.293318
0.279073
0.303229
0.321129
0.279627
0.262833
0.247668
0.248661
0.252506
0.232978
0.215854
0.210102
0.206003
0.204391
0.201769
0.198727
0.200628
0.195996
0.186492
0.167993
0.145742
0.126503
0.107857
0.091676
0.080002
0.081524
0.082705
0.082145
0.088008
0.090080
0.091951
0.095066
0.094545
0.091432
0.086959
0.081394
0.074045
0.069364
0.066314
0.062073
0.057174
0.054394
0.051542
0.048284
0.047076
0.048303
0.047465
0.045071
0.041605
0.036952
0.031666
0.032341
0.032677
0.031774
0.029589
0.027538
0.028192
0.029169
0.029126
0.028045
0.026483
0.025523
0.024306
0.023869
0.024876
0.025467
0.025650
0.025461
0.024933
0.025551
0.025930
0.025951
0.025679
0.025729
0.026407
0.026784
0.027048
0.026907
0.026232
0.025038
0.025137
0.024963
0.024430
0.024480
0.024088
0.023444
0.022729
0.021701
0.020493
0.019176
0.017855
0.016620
0.016338
0.016260
0.016125
0.015946
0.015737
