0.159203
0.161039
0.169717
0.189287
0.197608
0.248724
0.380928
0.401728
0.420995
0.300178
0.457287
0.484157
0.409199
0.480723
0.441366
0.497074
0.448293
0.401167
0.488685
0.481163
0.577786
0.688293
0.693159
0.630528
0.545149
0.486225
0.389925
0.280507
0.263812
0.225173
0.223125
0.238116
0.247008
0.247359
0.221293
0.219139
0.195576
0.179750
0.183432
0.176772
0.175870
0.176695
0.168414
0.144910
0.119223
0.105621
0.094934
0.089551
0.091940
0.087867
0.079746
0.079625
0.080126
0.079802
0.082737
0.087595
0.090984
0.091459
0.090592
0.091193
0.094060
0.097746
0.100598
0.101805
0.101942
0.102015
0.103265
0.109332
0.116138
0.120637
0.121963
0.119256
0.112340
0.102324
0.099649
0.098146
0.095444
0.091177
0.084986
0.077219
0.071150
0.069426
0.066639
0.062880
0.058304
0.053236
0.048209
0.043690
0.040074
0.037802
0.037315
0.036689
0.037101
0.038182
0.038928
0.039123
0.038668
0.037629
0.039560
0.041344
0.042369
0.043529
0.044368
0.045205
0.046629
0.047315
0.047204
0.046241
0.044810
0.043363
0.042373
0.041892
0.040720
0.038864
0.036451
0.033813
0.032866
0.032840
0.032584
0.032142
0.032977
