0.488631
0.514434
0.687775
0.866585
1.530208
1.900410
1.453870
1.281211
0.835502
0.702465
0.838701
1.146076
1.142704
1.002959
0.841888
0.676689
0.522608
0.466236
0.483121
0.483932
0.484288
0.476723
0.456714
0.436505
0.414951
0.394518
0.374870
0.352385
0.325796
0.299448
0.275503
0.255735
0.240492
0.227633
0.215462
0.202807
0.189434
0.181329
0.176585
0.171167
0.163963
0.154416
0.143886
0.133671
0.124187
0.116127
0.110142
0.105950
0.102400
0.098918
0.095351
0.091775
0.088215
0.084215
0.079683
0.075318
0.071844
0.069505
0.068221
0.067668
0.067358
0.066996
0.066589
0.066111
0.065346
0.064125
0.062529
0.060802
0.059142
0.057577
0.055988
0.054220
0.052225
0.050103
0.048025
0.046913
0.045940
0.044523
0.043782
0.043963
0.042975
0.040976
0.038701
0.036031
0.034480
0.032970
0.031601
0.030454
0.029493
0.028611
0.027693
0.026687
0.025608
0.024525
0.024085
0.023993
0.023697
0.023208
0.022936
0.022638
0.022113
0.021337
0.020362
0.019244
0.018058
0.017502
0.017267
0.017061
0.016896
0.016773
0.016692
0.016649
0.016639
0.016654
0.016686
0.016722
0.016750
0.016754
0.016717
0.016629
0.016479
