0.015122
0.015711
0.016268
0.016125
0.017242
0.022380
0.021509
0.025677
0.033093
0.035625
0.054486
0.052517
0.059367
0.090990
0.078169
0.057409
0.053003
0.046079
0.034141
0.029717
0.028845
0.036673
0.035504
0.028425
0.021807
0.024393
0.025298
0.026712
0.026249
0.026980
0.025584
0.023855
0.022228
0.020323
0.018827
0.020047
0.019470
0.016672
0.015441
0.014932
0.014290
0.013436
0.012440
0.012532
0.011663
0.011701
0.012090
0.013085
0.014198
0.015074
0.015344
0.014958
0.014716
0.014284
0.013716
0.014557
0.015476
0.015163
0.013838
0.012250
0.012257
0.012151
0.012070
0.012082
0.012075
0.011893
0.011649
0.011276
0.010771
0.010200
0.009620
0.009033
0.008414
0.007907
0.007618
0.007288
0.006941
0.006640
0.006376
0.006149
0.005963
0.005811
0.005685
0.005579
0.005483
0.005388
0.005285
0.005530
0.005840
0.006248
0.006622
0.006916
0.007120
0.007237
0.007276
0.007239
0.007129
0.006952
0.006856
0.006736
0.006526
0.006239
0.005908
0.005566
0.005251
0.004995
0.005026
0.004992
0.004895
0.004740
0.004558
0.004533
0.004484
0.004410
0.004316
0.004374
0.004606
0.004782
0.004961
0.005104
0.005217
