0.345428
0.351440
0.391586
0.471363
0.537748
0.549063
0.564116
0.904879
1.122322
1.046493
1.217818
0.892168
1.062314
0.822952
0.859181
1.002873
0.800441
0.695234
0.701149
0.687028
0.523701
0.534848
0.456768
0.448322
0.470717
0.487520
0.441829
0.405037
0.374301
0.321511
0.292540
0.312322
0.336668
0.339165
0.386970
0.405772
0.362239
0.338019
0.339571
0.332988
0.322784
0.285075
0.251175
0.238404
0.237462
0.234007
0.226868
0.207778
0.213497
0.234802
0.253700
0.272816
0.287680
0.299735
0.306822
0.321684
0.328023
0.316741
0.288561
0.255194
0.229359
0.216124
0.211577
0.211794
0.211625
0.208385
0.201961
0.192093
0.180797
0.175083
0.171591
0.172017
0.176102
0.181691
0.186563
0.188941
0.187997
0.183875
0.177272
0.168392
0.157759
0.149041
0.144144
0.139105
0.135736
0.133879
0.133415
0.134012
0.134621
0.133950
0.131237
0.126609
0.121088
0.116227
0.113049
0.111888
0.112240
0.113267
0.114172
0.114008
0.112511
0.113141
0.115733
0.115783
0.113311
0.108780
0.102649
0.095509
0.088093
0.080951
0.074619
0.069374
0.065247
0.062147
0.059900
0.058274
0.056992
0.055750
0.054254
0.052283
0.052986
