0.506438
0.534132
0.602560
0.866245
0.867925
0.843059
1.137635
1.345561
1.504729
1.747849
1.388448
1.374014
0.888420
0.714202
0.633682
0.677483
0.639314
0.677582
0.876733
0.942860
1.037146
1.003426
0.974657
0.891185
0.757775
0.586784
0.492177
0.434562
0.390630
0.368438
0.314338
0.235127
0.208644
0.202241
0.175859
0.161965
0.164751
0.174875
0.181746
0.172943
0.182271
0.197653
0.214711
0.232621
0.260833
0.249373
0.208533
0.182044
0.164079
0.154437
0.144040
0.153989
0.159119
0.161634
0.160995
0.157928
0.153839
0.149399
0.144674
0.139609
0.154185
0.170297
0.178005
0.185766
0.184989
0.174606
0.158940
0.147957
0.131572
0.126269
0.128423
0.129516
0.131877
0.134578
0.135927
0.134663
0.130671
0.125087
0.120014
0.116836
0.115441
0.113088
0.107379
0.102987
0.099652
0.094364
0.090162
0.084818
0.079565
0.076629
0.073917
0.071302
0.068187
0.064281
0.059996
0.058254
0.059050
0.058393
0.056454
0.053609
0.053006
0.054847
0.055592
0.055071
0.055274
0.055800
0.055767
0.055254
0.054257
0.052651
0.050357
0.047374
0.043974
0.041303
0.039756
0.038009
0.036253
0.034588
0.033052
0.032188
0.031751
