0.208161
0.233580
0.333177
0.415570
0.453566
0.548600
0.441741
0.550956
0.484583
0.438923
0.440148
0.581943
0.471854
0.337806
0.385281
0.366437
0.347955
0.356508
0.356535
0.365058
0.383698
0.347319
0.321283
0.290761
0.265055
0.256851
0.261265
0.229134
0.206500
0.177640
0.152779
0.154377
0.168687
0.172840
0.181015
0.172080
0.159588
0.135391
0.138186
0.140520
0.153326
0.171787
0.194849
0.212944
0.213799
0.199395
0.186918
0.177046
0.165482
0.160127
0.155716
0.148266
0.144130
0.154024
0.175363
0.193320
0.196497
0.186934
0.177297
0.169605
0.160235
0.149560
0.138682
0.130337
0.120530
0.117245
0.113637
0.108720
0.103617
0.097930
0.092034
0.086082
0.079798
0.073177
0.066322
0.061229
0.057524
0.055098
0.053211
0.050722
0.047428
0.043342
0.040186
0.038007
0.036065
0.034370
0.032773
0.031525
0.030743
0.029955
0.028957
0.027784
0.028546
0.029382
0.029777
0.029571
0.028721
0.027359
0.025620
0.023716
0.023183
0.022658
0.022061
0.021426
0.020708
0.019890
0.018972
0.017975
0.016938
0.016048
0.015116
0.014659
0.014474
0.014097
0.013544
0.012996
0.012676
0.012345
0.011985
0.011613
0.011374
